-7.861497738951573819e-03
-1.445415605776667785e-02
-5.982437485327943803e-03
-3.147151431129961707e-02
8.271528696784893886e-03
-2.522685560116462965e-03
-3.907687975208220567e-03
1.100232655672461236e-02
-3.445551233512353373e-02
-2.930927123818447694e-02
-4.511233479884420305e-03
3.178627671544058050e-03
-6.199453910663370836e-03
-2.288069521807838819e-02
-5.791448334981627762e-03
-4.928916608854597148e-02
4.838512286572648965e-03
-1.198224318647587473e-02
1.573378686054383718e-02
6.640181313998498418e-03
-1.695063658841269860e-02
-1.491966024880627892e-02
-9.572618038952493760e-03
-2.686685175754947516e-02
-3.423740558432538522e-02
-1.959853677822293722e-02
5.376741611516465055e-03
1.120282623236742168e-03
-1.587227812653034878e-02
-1.351432275500634309e-03
-4.092211035079897086e-02
-1.001665989990019323e-02
-1.512856855514102192e-02
-2.351229181297837673e-02
-3.773305855585272484e-02
-4.226241220924496778e-02
-2.136086796577402885e-02
8.271709379550745353e-03
1.355896336536893503e-03
-3.035628110613130398e-02
3.663993487061008216e-03
-2.913134901820966030e-02
-1.519255227622671837e-02
-2.041291267519483588e-02
-9.279491132223705680e-04
4.008501007514059830e-04
-3.779239053378769930e-03
-2.034032465543835974e-02
-1.408996265102463279e-02
-3.206850213146447692e-02
-2.909153907703648095e-02
-2.933940897822629942e-02
-4.297886240096853577e-02
-3.905213054511701143e-02
-3.219167124962685894e-02
9.803979260469681406e-03
-5.519183197914619837e-02
-2.094028317334743067e-02
-8.567115054708380334e-03
-1.040731130431080467e-02
-1.823065914703662915e-02
-3.423613603809474298e-02
-1.232196068593147294e-02
-2.026425296290653572e-02
1.639945108212753633e-02
-1.238204360626977626e-02
-2.713634708154315581e-02
-2.392119279927875514e-02
-2.859324834427940179e-02
-1.837399593923590840e-02
-1.765239128539048200e-02
-2.914265843423812646e-02
-1.525415305076941071e-02
-3.086988184524736348e-02
-3.050330888012302635e-02
-1.190658188289127166e-02
-1.388320562278065259e-02
-5.595623100960947158e-03
-3.070352983880573344e-02
-1.094403643675162865e-02
-1.462024508073255305e-02
-9.218689299938988974e-03
-4.591545170649879472e-03
-2.675206695671774812e-02
-1.830087702034129127e-02
-4.280248135718647817e-02
-1.112858821860058384e-02
-1.903186752274135460e-02
-2.382902158342664958e-02
-2.875056390183125532e-02
2.671111278669605071e-04
-1.556126901525711585e-02
-1.643240750123104929e-02
-4.986942713883955706e-03
-5.817821686179635611e-03
-2.191213246772491172e-02
-9.127257138621164625e-03
-1.914518927624255656e-02
-2.201967529154271949e-02
-2.109235627587632486e-02
-5.618262583927948264e-03
-2.876179961649711486e-02
-2.904498098546057575e-02
-8.461529105602341727e-03
-8.570467229764990036e-03
-2.927938665883597288e-02
-1.119999809012970499e-02
-7.861652493503887285e-03
-1.113058839830912729e-02
-4.131749392317591273e-03
-2.772872460956242111e-02
3.477423761611080511e-03
-1.061486742134068288e-02
-5.279708843994711069e-03
-9.202493868136157537e-03
-1.913515844791025336e-02
-2.727543015749188393e-02
-3.636255658395631113e-02
-2.239103487145741728e-02
-3.191407047230537808e-02
-8.761066790252470746e-03
-1.517423790642927033e-02
-1.601588590417175884e-02
-3.034933459621459023e-02
-2.426114858997165807e-02
8.077359301971972702e-03
-7.336739055700034103e-03
1.990927221070130058e-03
-1.517674023718576688e-02
3.498620289743900776e-03
-1.464672650281510433e-02
-2.575119595269392478e-02
-5.102300809101577295e-02
-2.357763783747391165e-02
-1.563306018521624582e-02
-2.182981260724207312e-02
-2.498065500685157925e-02
-1.907534141254097274e-02
-4.433118403300340821e-03
-2.796645255970520161e-02
-2.279343413273678814e-02
-1.923387482883076940e-02
-3.595189535044678031e-02
-3.301339004851130271e-02
-2.303771835992643111e-02
-2.186694634256002251e-04
-9.909144378200705067e-03
-5.449380818055541038e-03
-1.150605960493988195e-02
8.848075740996086055e-03
-1.654981601238402281e-02
-1.970189358579470598e-02
-1.248861019205128528e-02
-2.323222532425864295e-02
-8.043224808268377435e-03
-1.210038335910955040e-02
-2.451763957292922222e-02
-1.404609499135325845e-02
-2.737603040018993933e-02
-3.144356000382696886e-02
-4.016728748002759003e-02
-6.876622213193193771e-03
-4.190767412123624219e-02
-6.403674927871244940e-03
-1.366566030590569275e-02
-2.655916042028757130e-03
-3.347057408059039840e-02
-1.381551559989166802e-02
-7.529306812103080462e-03
-1.292383362350868481e-02
-1.215294994807016374e-02
-5.811095514692054230e-03
-7.266151062119921393e-03
-2.348971796667093451e-03
-1.386574540836344425e-02
-2.624257788936124741e-02
-3.918233905544458995e-02
-1.101827403835399857e-02
-2.588868667535649398e-02
-4.081308531970788411e-02
-2.854801587531630505e-02
2.716025815571890788e-03
-1.994890962943924456e-02
-1.827932625032275757e-02
-1.701805622674748206e-02
-6.529908926056858867e-03
9.739763396999664286e-03
-1.167906850490973113e-02
1.971124832568603089e-02
-2.256519806164051980e-03
6.798968476578819663e-03
-1.557203393895736400e-02
9.043256303516352681e-05
-2.123221536799202447e-02
1.116803096314723104e-02
-2.512692875682355845e-02
-3.412903010804967281e-03
8.322299178596085853e-03
-3.294347155718286430e-02
1.701122913498154254e-02
-1.723640595311466683e-02
-1.595649677478241588e-02
-1.913009904762089791e-02
2.601098039035272882e-03
-4.224010682025887420e-02
-1.117378886806773101e-02
-4.111765019124745055e-03
-3.610370306673822693e-02
-1.693147521168363034e-02
-1.547523213705431083e-02
-4.370176713311405003e-02
-1.676456637770639899e-02
-1.487538372654899702e-02
1.329601814289805856e-03
8.732314819999411823e-03
1.481115661868979798e-02
-8.755122471710631571e-02
1.491757613532826605e-02
-6.910863872885308901e-03
-3.782411728197047907e-02
-2.216603539834421238e-02
-1.162645092136772342e-02
-1.497392009437600174e-02
-2.896598360426391391e-02
-8.516880136519112965e-03
6.609583656924345255e-03
-8.592917706516552123e-04
3.868742373553090471e-03
-7.765967703541388698e-03
-4.355507226014365858e-03
-1.328809034774059913e-02
-4.601014974004526831e-03
-1.884212146545221830e-03
-8.636891484313149320e-03
-9.151993380475693246e-03
-8.789502122192398813e-04
-2.058300463497577532e-02
4.358291679006617348e-04
2.759887523057104504e-03
-1.602474931677538156e-02
-2.846073894724718972e-02
-5.868343805465511820e-03
6.290030374713095895e-03
-3.562296614887664609e-02
-2.025831318392633251e-02
-1.297300306321109292e-02
-2.346304844075192131e-02
-5.124583364075013889e-04
-2.106938498853517736e-02
3.504367065474166872e-03
-3.192412752726301456e-02
-1.888217018748922227e-02
-4.359725340015608436e-02
4.107565452019323535e-03
-7.066786747904163328e-03
-2.378373244168136696e-02
-4.108942588072071050e-02
-2.613992252364612592e-02
-1.581580750734494500e-02
-9.959724759030963610e-04
-3.663806878064185951e-02
-2.512326254695677191e-02
-1.444353380372966414e-02
3.620255257586913779e-03
-9.710463755079539599e-03
-6.053753144893194924e-03
-1.582321040644868795e-02
5.057497038283708009e-03
-1.240258910102680183e-02
-4.606206095637895882e-03
-2.494304501296279453e-02
-4.691607420470189638e-02
3.473736535416604120e-03
8.062631788928147428e-03
-2.511111813997455797e-02
-1.330738912265702623e-02
-6.077414686248624499e-03
-2.312513808059487794e-02
-2.333633576228905104e-02
-4.009957400042519354e-02
-4.019378828413053967e-02
1.270582799784291013e-02
-2.520577394641074134e-03
-4.388323854713881839e-02
-9.377478082836893450e-03
-3.918630591060116158e-02
-7.792850519919358905e-03
-3.915015455996685712e-02
-1.898414624834144845e-02
-1.615747495995294852e-02
-2.282739649251509101e-02
-3.074464815604468007e-02
-4.822564371639922326e-02
-2.078607122372504515e-02
-7.548548428629150812e-03
-8.344339834726285585e-03
-9.014328653577987141e-03
2.552370826987234321e-03
-1.766590531924566373e-02
-7.421763928720511577e-03
-2.359108126700250330e-02
-1.686973671259163129e-02
-1.232569740958083457e-02
-1.537675697106599855e-02
-2.289196040319268349e-02
4.226020210874035718e-03
-5.624283657895957217e-03
-4.448267210300198282e-02
-3.045846061880398692e-02
-6.078063872406194897e-03
-1.139987112399335444e-02
-2.517221667173259389e-02
-2.800650121221515132e-02
-1.138041031681698073e-03
7.368592487750945733e-03
-1.056309659279016516e-02
-2.537366400640253192e-02
-8.096077261494482452e-03
-2.837244036789981355e-02
-2.255084439314461800e-02
-1.885448327082354242e-02
-1.583720885195827321e-02
-9.075548536963162424e-03
-2.570212201230664614e-02
2.629317469882936752e-03
-8.199538480456916578e-03
-1.601947973898882466e-02
-1.605160915362265159e-03
5.183936002959676007e-03
-9.874417615076874766e-03
-3.557783485723649795e-03
-1.367162911004488534e-03
4.713152256739076146e-03
-5.077712362686016140e-02
1.107399657446062015e-03
-1.354008695535565548e-02
-4.851817231476310797e-03
-2.736842921354420630e-02
-2.260514197659152513e-02
-3.958130077029014919e-03
2.206549023940211716e-03
-1.435533794368923713e-02
-2.247548382045446574e-02
-2.881647684432677575e-02
1.253006079407891805e-02
-1.542064712444114923e-02
5.123410692953635562e-03
-1.741201588890238169e-02
-1.038497886598113013e-02
1.364999032365882270e-02
-1.348251614338459407e-02
-2.835428691434578249e-02
7.847422366883675948e-03
-2.671439165748585448e-02
-3.519352916410317667e-02
9.015262314082753961e-05
-3.705076850870997474e-02
-5.176861786067486759e-03
-1.839185854265707604e-02
-5.224277007420335441e-03
-2.335968947552850145e-02
-3.482093146914726212e-02
-1.427236402680397490e-02
5.667488650165209904e-03
-2.690816710298051320e-02
-1.298229579545002663e-02
-2.048613271607290648e-02
-1.544259485497226012e-02
-2.941604395012861403e-02
-1.953952464529026822e-02
-2.254771287404469526e-02
5.499609687006403076e-03
5.971132064808279058e-03
3.718394109430323176e-03
-2.121748953558503029e-02
-1.897102805086896965e-02
-2.972520828027793924e-02
-2.192498447294212449e-02
-3.931413030198958880e-02
-1.507231773748540435e-02
-4.418551400940535362e-02
-1.559732939649108655e-02
-2.329381095649969008e-02
-1.368635035938580921e-02
-4.797913964323359537e-02
-3.897138307691581927e-02
-3.807860667795358312e-02
-1.294590297937084702e-02
-3.157671523029508681e-02
-2.264236414194487415e-02
6.371639370710138923e-03
-1.570177312404580014e-02
4.827216199137134359e-03
-8.617535379574103871e-03
4.037418942963608322e-03
-2.127176127606080370e-03
-5.681748831595520230e-03
-1.723570160340804139e-02
-1.826000108848734732e-02
-9.088108148705708461e-03
-1.657802118776087463e-02
-4.208539778298066303e-02
-5.593631479102916144e-03
-1.834200989109013163e-02
2.690558257591755664e-03
-2.993311035200460143e-02
1.646169029601233721e-02
-2.405609439451970866e-02
7.597753895479518287e-03
8.897988249743781983e-03
-9.139502900264908497e-03
-2.973690976723892404e-02
4.969944928827187483e-03
-2.411987031473246043e-02
1.491843702362358887e-03
-1.038600570151712761e-02
-5.455461483674708262e-02
-3.331983716338624696e-02
-1.398366567220757188e-02
-8.329065634466600865e-03
-2.128299562728577440e-02
-2.067969423816038224e-02
-1.835131295317969646e-02
-4.245341265009543522e-03
-1.498253498171919426e-02
-1.723173018625112282e-02
-2.350493490696666660e-02
-8.624571750643822421e-03
-4.972055962791042602e-03
-1.587969158377590395e-02
-1.296508883077302464e-02
-1.942588921273587232e-02
-7.762689187994607429e-03
-1.700118592302093251e-02
-1.998027345923279741e-02
7.265632649225888060e-04
-5.588398174068991489e-03
6.448964914070689537e-03
-3.555376475127154049e-03
-3.398340884930731165e-02
-1.970705364601773452e-02
-2.024196212348094298e-02
-2.219791183835110107e-02
-7.044581168665426307e-04
-1.471257176259939230e-02
9.162154268704434182e-03
-2.395409146537012812e-02
-2.575227747254388994e-02
-1.369064129107973142e-02
-5.326398591262070104e-03
-1.919774443288750979e-02
-4.968221406665480899e-02
-1.189816069496866038e-02
4.744082033819308625e-03
2.984290382944686498e-03
-7.781358890936256566e-03
-4.490394729246378197e-02
-1.237200925326686733e-02
-3.457517340918127291e-02
-2.236990216398134987e-02
-7.790119298381983264e-04
-2.948302692282300363e-03
-1.039790971379272663e-02
-7.612837136946970160e-03
-2.896449772909986259e-02
-8.916673648235732413e-03
-1.455502186690126216e-02
-5.403328290985558342e-03
-1.558510718537420986e-02
1.800958629055426571e-02
-3.270722568884699109e-03
8.773190988786304725e-03
-3.173629423877711436e-02
-1.482998861298626646e-02
-1.034378028489704032e-02
7.699308600167248558e-03
-1.756387710044187561e-02
6.828027249157660183e-04
-1.661500186519427463e-02
-3.565621581429716247e-02
-1.795052950605340730e-02
-1.679432151926259133e-03
-2.278640677868526421e-02
-3.234786195995453806e-02
3.202930443491632407e-03
-3.849184780934224864e-02
-2.607085752490165623e-02
-2.445737671156589244e-02
-4.764659038212905144e-03
-1.801946940348466905e-02
-1.223934718381911209e-02
-1.060911314888559123e-02
-5.514863658761866294e-02
1.730883647108192452e-02
-3.350403331130219226e-03
-1.154550463462627671e-02
6.041609401080656402e-03
-1.134267590710333687e-02
-4.585400787418628110e-02
-5.101789560129343926e-02
1.151176464777530460e-02
-1.183542510388830606e-02
-2.001553921309688275e-02
-1.332505983098920474e-02
-1.199579443526376833e-02
1.179160522192357861e-02
-1.853766937691815435e-03
-1.953117665765337352e-02
-1.954039258762109779e-02
-3.644144458563199768e-02
9.089957219049824358e-03
1.086877626138630509e-02
-2.387728028148253245e-02
-1.036540016039419650e-02
5.755437331792959826e-03
2.397101780480203476e-03
-4.302468768432711824e-03
-9.193822882936825147e-03
-2.452583967333346496e-04
-2.779636126904142315e-02
-2.841291051120873462e-02
-3.046720157378335890e-04
-2.368582876852035404e-02
-3.836333719507085960e-02
-3.511459119059047451e-02
-2.378499378619433266e-02
-5.898698391807035563e-03
-3.008062122652790243e-02
-2.192482895352670935e-02
-5.210249333208864277e-03
-7.489380272892644588e-03
-1.103677344394216227e-02
9.695742709475528706e-04
-4.099004375602092673e-03
-5.148519724531726294e-02
-2.403958555327818242e-02
-2.267872882717876168e-02
-6.723401945220757077e-03
-7.922108563110499824e-03
-3.030769531411541071e-03
-1.936544868523376942e-02
1.084614336039727879e-02
-8.229025868589806905e-03
-1.961242194498866165e-02
3.114649432551059357e-03
1.247821362832126323e-02
2.570150734070040643e-03
-1.669216509265723444e-02
-3.303642879981331243e-02
5.276290410244775103e-03
-2.168059716915588311e-02
-1.773599112229230952e-03
1.155344235156767962e-03
-3.279494862742750490e-03
-2.200829254280875502e-02
-1.553054873983626856e-02
-5.508835821340095015e-03
-9.811302292119581173e-03
-2.275792145544039760e-02
-2.501919070785224922e-02
-2.493812179669128992e-02
-2.096113357116007742e-02
-2.304274717582131121e-02
-1.153797867675538432e-03
-1.230033736020991024e-02
-7.569616973372561737e-03
-2.681369177901652551e-02
3.196267727788320960e-03
-2.293681314502259410e-03
-2.800976427595481752e-03
-3.118413633790258904e-02
-6.327106371144112715e-03
-6.532430492695267925e-03
-1.364890844205916831e-02
-1.835048952211609102e-02
-1.941969834328686204e-03
1.714038835975852538e-03
-1.660216739172715519e-02
-1.514577769453167265e-02
1.814691719294222669e-02
-2.913740174587596890e-02
-6.937566685391506616e-03
-1.797628465206842219e-02
-1.275386648367728658e-02
-2.920585300332243298e-03
-2.648189484352003395e-02
-3.187690549796715761e-02
-2.156146058698997503e-02
-2.169849550164761054e-02
-1.910076395461059520e-02
-2.429039910057103832e-02
6.578854123409641312e-03
-1.207349852628534018e-02
-8.015719942045149496e-03
-4.099100929613955224e-02
-3.872766828515175619e-02
2.182080183601066946e-03
-9.315306595389085884e-03
-8.470599143610929235e-03
-9.268630986497274418e-03
-7.912412809729429952e-03
-1.761670937083035723e-02
-3.012289642487030183e-02
-2.909006687801705959e-02
-2.310255636381915861e-02
-1.309360762456951259e-02
-2.134748674493168463e-02
-2.193331521717532470e-02
-1.413468745778225996e-02
-2.016876226374481745e-02
-1.494725627202192139e-02
-2.075538049209322417e-02
-1.700659907349202568e-02
-1.645234730505925821e-02
-4.679121958635899456e-03
-2.593579467576659185e-03
-1.116599735533329099e-02
-2.750062773669226246e-02
-1.206007463049312348e-02
-1.742222659361766096e-02
-2.264163619698764812e-02
-2.812778113927035493e-03
-1.435900229243099527e-02
4.821679950239206487e-03
-1.143512258961555846e-02
-6.846616125665337324e-03
-2.045029553296324326e-02
-4.001252585576154687e-03
-2.160978363090845442e-02
-3.112693201376679972e-02
-7.198117633645422560e-04
-1.630526069693580618e-02
-9.073873010483363838e-03
-3.270866017198569009e-02
8.157449951837021304e-03
-2.170237743175167447e-02
-9.960005046657414984e-03
-6.491189663743088777e-03
-4.106439873052495672e-03
-2.025589818530057137e-02
-3.030420409090523945e-02
-3.932950569416941711e-02
-4.219415890854044671e-02
-4.969581808546852560e-03
7.893581659951216063e-04
-1.688458623443050977e-02
-1.419920692008204421e-02
-3.736067081054730843e-02
-3.420506015804744039e-03
-6.277550811660104592e-04
-3.899808725249994529e-02
-2.411687906288729425e-03
-6.142291630271608802e-04
-1.723892847368378722e-02
-1.830363025536087956e-02
-1.436436103956241668e-02
-6.154773264559972338e-04
-6.355120347153972796e-03
-4.435910215477853816e-03
1.812254119833993002e-04
-1.008728278503408758e-02
-1.220728262996888074e-02
-2.286874729618442598e-02
-3.387982343555021730e-02
-3.614708957168393660e-02
-1.416288565454879023e-02
-1.661135149948420736e-02
6.698036382145315486e-03
-1.879826766296194621e-02
-2.796924112055932787e-03
-1.932310741449153740e-02
-1.127729756966482436e-02
-7.769189395258105021e-03
1.026500419867759119e-02
8.306651023142231152e-03
-1.853071944283156414e-02
-2.006317797087820223e-02
-3.485354248206289779e-02
-2.786559008858267503e-02
-2.482628685950803368e-02
-3.024321641543677164e-02
6.855136807509701856e-03
-3.917863234917635940e-02
-4.515855773076987885e-03
-1.507882988977016572e-02
-2.891059287493841223e-02
-2.986570727869287609e-02
-3.453425837364582085e-02
-3.643328565887705983e-02
-2.791920032392924966e-02
-5.347492668591956669e-03
-4.333072020870002566e-02
4.667254386939261902e-03
-1.920463780310555785e-02
1.387201565442339711e-02
9.622274688569873750e-04
-2.296415389624161321e-02
6.399335766121243621e-03
-8.867653372260428509e-04
-3.092810479014161673e-02
-2.241061965059911246e-02
-2.249941743502301833e-02
2.189627104901961229e-03
-1.329993820771159822e-03
-1.843118941113337577e-03
7.064558588199664618e-04
-1.143632597783587022e-02
-3.741403030509948824e-02
-1.093914510644616520e-02
-3.616551515637450587e-02
-4.905832200136345245e-02
-1.383368189256678482e-02
-1.222861846825382993e-02
4.969620680527359622e-04
-7.241285117453085535e-03
5.713270926113023403e-03
-7.986167635635081641e-03
-7.995137362518001112e-03
-8.117104127390233764e-03
-8.906219552852598711e-03
-1.564536542638463035e-02
-1.744169175399864005e-02
-7.143096707964423885e-03
1.098163562393832809e-02
-1.828134876687981247e-02
-4.765772991709832894e-03
-5.363521382348123215e-03
2.445875261855864381e-03
-1.742788719798323005e-02
-1.602761141816586715e-02
-1.357571880185276872e-02
1.055901354729518564e-02
-8.145423534387605941e-03
-7.817272808483834677e-04
6.130490964257957927e-03
-5.897759605621421750e-03
-3.567685523715260348e-02
6.628102460274724883e-04
-2.299313600221809199e-03
-1.976173536229396469e-02
-9.225726508064299031e-03
-3.939920394814629308e-03
-2.910796430771878107e-02
-1.124818844063337972e-02
-1.226482702113766698e-02
-3.340276954652779406e-02
-1.040742165287173587e-02
-3.796002318337934195e-02
-1.346531995436389510e-02
-5.231731974675663845e-03
4.834412680794713743e-03
-4.135236905045751483e-03
-2.989458965784171779e-02
-3.630078080235450786e-03
-1.815175202522834041e-02
-3.146384203294577686e-02
-2.040861697318831301e-03
-1.428944738068920611e-02
-3.519897999901872802e-03
2.462274462650711985e-03
-1.166034077735978412e-02
-2.158671515511883035e-02
-1.853699559015990414e-02
-4.220818518035358846e-03
-1.138024853657101237e-02
-1.406852407020735447e-02
-1.706118092664251143e-02
-1.489492557722587804e-02
