-8.050262684015410675e-02 3.443371053160263710e-03 2.058379556037577031e-03 -3.822098318069493822e-02 -1.910579259458651535e-02
-5.180286203582347426e-02 -2.656981176682713872e-02 9.222140688053359625e-02 -9.594312576744571178e-03 -6.363698320525695493e-03
4.352038662496605925e-02 7.027009486572080230e-03 7.444494582623349156e-03 9.890120405613385401e-03 -7.505868835989847054e-02
-5.244701525546555110e-02 2.128604204999005531e-02 -9.196359343964578478e-03 7.826147081717847731e-02 2.173767489352291041e-02
-7.680491689379725928e-02 3.444393102796428768e-02 -2.073472251357980252e-03 1.010788205763630231e-02 6.834338813068976948e-02
4.779291206174363094e-02 1.503862895939287736e-01 1.461445186880088766e-02 4.223696853506272303e-02 4.140633915556125866e-02
6.026892060321418707e-03 -8.922527330781542323e-03 5.812693692493737553e-03 1.746259349867091033e-03 9.751462957552275990e-03
-4.058496732733116868e-02 -1.025503033136578035e-01 -9.139147602192598807e-02 1.513433527658593868e-02 7.809505788957192551e-03
-8.284886436873561966e-02 -3.132105663849119037e-02 -2.811395930979091948e-02 -1.601919184250213263e-02 5.263344681041635248e-02
5.808093551567332022e-03 -4.680819057418679485e-02 -3.475754756858837752e-02 1.394211560121774718e-02 -5.159006161348362457e-02
-5.059680563162026468e-02 5.492076060540136695e-02 3.027488925775179487e-02 -2.555606688246224445e-02 -7.646596045020777332e-02
8.578839610992768094e-02 4.825784076837779518e-02 -1.842040172130789827e-02 2.963490435923924610e-02 1.982683955279466309e-02
-2.444827471970631438e-02 7.100454995199731445e-02 -5.352418437357722714e-02 -1.036749104411703939e-02 1.368312734319898638e-02
-2.856952650103153704e-02 -1.355463797703803860e-02 3.064004743565770447e-02 -9.871240780471673276e-03 2.405348065132681748e-02
-1.492135991648002591e-02 -6.855011411964624657e-02 -2.517378340911829993e-02 -3.793454201364493406e-02 -3.926758494001502536e-02
-1.274468819195417185e-02 3.386450716438154512e-03 6.070842071978725663e-02 -6.104055487389295487e-02 -5.934468524353938429e-02
-8.772307440914292598e-02 -3.276419723358113545e-02 -7.254689870326204264e-03 2.527402405359964813e-02 -3.619190728732506884e-02
-4.437508301809020214e-03 -6.385103343461502601e-02 -2.617992361834997964e-02 -6.983041840576360848e-03 1.217306961118056093e-02
-6.047387403221400615e-02 7.068892651573574493e-02 -5.840548057969912471e-02 -3.450385717942563296e-02 -3.790590247042479721e-03
-1.730632520849744241e-02 -2.595272304494913862e-02 -8.819941453216220695e-02 -5.407845356014294447e-02 2.440817359595919347e-02
1.258589794910879543e-02 2.534052549210905406e-02 -2.211537597205554331e-02 -1.681631555040467504e-02 -5.846539202011698244e-02
-7.059564040622101633e-02 -6.835655302988118132e-02 -5.645394546430594629e-02 -4.681859440490948598e-02 3.882608245379410433e-02
-1.160305706917694052e-01 5.357855720765254681e-02 -2.404975039622404831e-02 3.310660814708724781e-02 -5.489210624397600213e-02
2.585838167817250399e-02 6.430716345715924154e-02 5.236136389303496647e-02 -8.951916019200270580e-02 2.149933672007000446e-02
-2.339809210216141008e-02 3.234154548565539022e-02 -2.663122631315822594e-02 -4.706452328691242831e-02 -7.885952642507376709e-02
3.941825828424949663e-03 -1.631935917542740727e-02 8.420869078719021850e-02 3.796523494564691716e-03 -2.752922223708945126e-02
-3.050751492723514924e-02 -5.141989006581798582e-02 3.047258372362701348e-02 1.224301702576289543e-02 2.111652396054808367e-02
-4.820322445302231695e-02 6.442242109836154862e-03 -4.108916414774652082e-02 -3.372712199041433268e-02 4.048203349031803677e-02
-3.024248638630290878e-02 3.613091396263606869e-02 2.793026120636081088e-03 -3.769414126316376207e-02 -8.130470637824438462e-02
-4.297331109033507290e-02 2.553380851141912392e-02 -4.069775230582083243e-03 -9.045657576689471180e-02 1.656199036218370529e-02
-3.470060100085356480e-02 1.357470113025150381e-03 6.450114091725870670e-03 -1.067636225904044014e-02 -1.627008867396157257e-02
-3.833594687325140443e-02 7.426433609790721035e-02 -1.528272652217815483e-02 5.312163997219145756e-02 -1.134720805783950154e-02
-2.540125378811530603e-03 1.442467825345373350e-02 1.405682255709971365e-02 1.933855743983352651e-02 -3.798333198734213205e-03
-1.864751159391888138e-02 -4.662533741100823893e-03 -1.372474055714734478e-02 -4.517550303686647395e-02 -2.061300308414699273e-02
2.495396108117468870e-02 3.343841073792989255e-02 8.823935568601809498e-03 -9.692119972490434443e-02 5.006830184959441821e-02
1.007707842550029358e-03 -6.184456180227930304e-03 -1.000687133409595281e-01 -1.132440440024938821e-01 -2.079640470125657115e-02
-7.704204589348859211e-02 5.700881334550930712e-02 3.954199686366773048e-02 1.862982885596816546e-02 5.410011117251280893e-02
-3.382646024660151268e-02 3.894623311664445475e-02 -4.536335372084707857e-02 -9.541276182663628591e-03 -1.573651347519798224e-02
-8.528394015264144368e-02 9.158815231585305458e-03 -4.829403261193061792e-02 2.232591634550098667e-02 3.680224723601974168e-02
-3.805238403060291763e-02 4.514415336173973128e-03 -2.194165063565860566e-02 2.628016339979951516e-02 -2.700238798385876712e-03
-7.288687921630586375e-02 2.162632073406559746e-02 -5.219147097881992464e-02 -4.519303675359154226e-02 1.638564393541697617e-03
2.251046608654737324e-02 -2.550843078550909387e-02 3.703675224053028930e-02 2.016376915206757187e-02 1.033175585722866281e-02
1.879975315031643876e-02 2.876823478112522023e-02 -8.066217271786163545e-03 9.809244423931903420e-03 6.801502747714283093e-02
1.540929380118060722e-02 2.341115998164272540e-03 -3.230756342497266564e-02 3.431710907990753734e-02 2.640690836059669463e-02
6.703482316422132437e-02 -8.409858917406689768e-03 5.308007003972543825e-02 -7.466714802334356582e-02 2.093784243852847907e-02
-2.645224319167915894e-02 -1.772620409489654089e-02 -1.688506495953761427e-02 -1.049165901833987447e-01 1.615034386290599075e-02
-8.771241970103272820e-03 1.361851754779158374e-01 -5.086796835620410739e-02 4.037202392470817108e-02 2.105207574167119317e-02
4.684990744024081222e-02 -6.440889053456008706e-03 -5.097349224742805940e-02 -4.560830117941259976e-02 2.621669699647823787e-02
8.328628977039789771e-02 -9.362666253996971416e-03 -3.431437296377724822e-02 -3.532603711413356828e-02 -2.594579255422413758e-02
-2.834902355298085652e-02 -6.105907527472521218e-02 1.540289137674635822e-02 3.206827024311432843e-04 -2.695505352197542434e-02
5.559182529317213683e-02 1.122472436057574477e-02 -6.567072358329315018e-02 -4.508577883352366672e-02 -7.782042407589130628e-02
-1.843313079766641105e-02 -1.176265052843930743e-02 1.855264148785196188e-02 -9.307751727980822717e-03 6.333786424862526687e-02
5.008379366938793542e-02 3.355567634031473862e-03 -3.535280201534838490e-02 2.681791466933079390e-02 4.398399332037851439e-02
7.251983046256525560e-03 -4.311384548414784468e-02 1.261377906038597604e-02 -5.314316672143516024e-02 -1.117909572858297347e-02
5.273813535009674175e-02 5.931376396784926452e-02 -7.229243999809298327e-02 5.598347093997085855e-02 4.075952433317832357e-02
-5.595432107558342971e-02 5.813651181186925247e-03 3.806629029747451987e-02 -7.727524198866207727e-03 4.546221400122865686e-02
2.763910593046199973e-02 -1.001330164041302623e-01 -3.071561807208905356e-02 -4.526175110313560013e-02 6.119774601665388392e-02
4.593355072507954162e-02 -1.256358466597408928e-02 -1.130033791492664284e-03 -2.603141597445795749e-02 1.763758756291356269e-02
5.250154246247946271e-02 -8.195432902710060585e-02 1.040454875240559920e-02 6.635432983688191455e-02 7.096573022529177599e-02
1.188529189204982767e-01 -9.255314418955001496e-03 -4.324658115369284760e-03 4.359907211211473677e-02 -6.111488295666014925e-02
-2.605187649799643734e-02 1.223896648590050602e-02 -2.291827109039085847e-02 1.675528321253422562e-02 -5.787601745469868331e-02
-1.467857544297187893e-02 -1.115324054478794742e-02 -7.081234283491524839e-02 7.806442786834973287e-03 -5.427088991186410083e-02
2.864172695967473481e-02 2.327182868788110065e-02 2.192774282429320667e-02 3.802882565534698028e-02 1.948704541259441841e-02
-5.835515262926807556e-02 -7.788957993273034133e-03 1.783181566812420266e-02 -2.034065827204306967e-02 -3.896479731635790755e-02
1.908604944449361976e-02 -3.823029823641139330e-02 7.075359900755701092e-02 4.623451561509250157e-02 8.387230666950880320e-02
6.036176597686052775e-02 -1.191623374808258029e-02 -9.961144628288265065e-03 6.328766799074160565e-02 3.325778441157117935e-03
-1.041872851463533645e-01 -1.042156303303433118e-01 -6.784337882377653242e-03 -3.408877283861644347e-02 3.617460003104986527e-02
-1.998660877765904079e-02 1.415256958576512417e-02 -3.560901059839472610e-02 -9.019737932264948466e-02 -2.397109611036671306e-02
-4.078140608256468347e-02 -3.496026062225626729e-02 1.198453495553262506e-02 2.311504411079059670e-02 4.979864508879822821e-02
-2.992275350497642164e-02 -6.096140109216659220e-02 -1.247765428370327390e-02 -3.861475313717510627e-02 -1.048765086783162194e-02
4.844127817858257835e-03 8.323214409027611393e-02 -6.311920436419092562e-02 -4.771181319880324345e-02 7.948429962801083562e-03
6.354927249945639678e-02 6.264263246454500333e-02 5.044921129277349370e-02 -6.451500343878353860e-02 3.496551118438652461e-02
-3.375302243578934269e-02 1.238682259700936081e-02 -1.195581694666843567e-02 5.446822492428201462e-02 -1.335109469703085749e-02
-9.248276086141970012e-03 -5.607681517944728550e-03 -3.301749384016455097e-02 -4.979558771792789995e-02 -8.732887644891397169e-03
-4.722841292166248678e-02 -7.005041108783321979e-02 -1.867846117159994643e-02 -1.159585836506990542e-02 -2.500355258694294744e-02
1.637979039960997876e-02 -2.068082959285960643e-02 -3.772378679662395217e-03 -5.238109713675570545e-02 3.308530349725058439e-02
1.895974969617462980e-02 8.033446363171284355e-02 8.524126935276130079e-02 -3.845265806015646382e-02 -4.080889202813401534e-02
4.246754425323868987e-02 -1.163476807968528461e-02 -4.206131693454245868e-02 -4.761320166978272317e-02 -5.736477398613520906e-02
1.475891260950467146e-02 2.496934733310773522e-02 -3.605650288623802463e-02 8.279321165026919116e-02 -7.209568069865582469e-03
1.117244844906319264e-02 1.753850455989103838e-03 5.272237017144334320e-02 -4.857779707862080326e-02 -4.978116428271886496e-02
3.814755508700096859e-02 -1.875744405889983799e-02 -5.748404635416748398e-02 7.519984104127658275e-02 -5.262311005295911004e-02
-2.271822002277468916e-02 4.204669851597538782e-02 -2.303300985426444056e-02 -9.786803485861143848e-02 -6.140945698315969370e-02
-1.089940139920563510e-02 -6.681034766426298399e-02 5.304648340544370483e-02 9.419027645632110229e-03 1.556921905972985173e-02
-1.227149852891303572e-01 -3.261597580365052651e-02 -3.517723251706293686e-02 -5.575743358484672174e-02 3.917261851171918718e-02
-2.899687962495497637e-02 5.833802743816045994e-02 4.626132119242216262e-02 2.009152913333341062e-02 6.946546551203493063e-03
6.024968902330648385e-02 -2.710548648549954837e-02 -5.872112987154844144e-02 -6.035471853467908737e-02 3.704186133028217198e-02
-2.940649768267264777e-02 2.424613201939472898e-02 -9.555581428916022982e-03 -1.703362127472820078e-02 7.459414388687827732e-03
-1.185573035943682588e-02 2.302894995685949783e-02 5.330861584778005813e-02 4.543637676244727253e-02 4.133670455657437182e-02
3.201812187277272570e-02 -2.468717912226159675e-02 8.178085828713146932e-02 4.652861565887338874e-02 3.241261886015354976e-02
7.092123725610429905e-03 6.473812698675075750e-02 6.883713585950830549e-02 -4.327074821706772267e-02 -1.689051388317245814e-02
5.955035291094050443e-02 1.015406814619663686e-02 -5.379097337459716466e-02 -2.416551464943232641e-02 1.040992404584378944e-01
4.377735776467982232e-02 -9.212883249532911531e-03 -1.594292812936331377e-02 -5.343414517397962471e-03 5.060958519969449391e-03
1.382663852010880545e-02 -3.413315494184541304e-02 -1.011711360942520455e-01 -1.692683434302460349e-02 8.363622110927852737e-02
7.085859043245953601e-03 2.557257221858236923e-02 -2.544556982793372626e-02 -8.288749669128677583e-03 -2.345186950228004760e-02
-2.567284625037521278e-02 -2.551667154361609430e-02 -4.185808517195281631e-02 -3.434575469274494391e-02 -3.184112641596362897e-02
-4.818875922671646966e-02 -8.860775514455031948e-03 -4.040846174504823807e-02 -3.883155304609618025e-02 4.532341566022875939e-02
3.011723718047425516e-02 -7.595286482294074173e-03 6.761453768498262851e-02 -6.076645581808054475e-02 1.870431897772315000e-02
-5.764213274599383485e-02 5.340729430008076678e-02 4.050411562042841029e-02 -4.167089035525592573e-03 2.383042590723344952e-04
4.042280912072435117e-02 -1.267639323030774444e-02 -1.203246665347646426e-02 5.196563833662703330e-02 -1.948117151593342297e-02
1.085513762601263664e-02 -2.076516081485906343e-02 -4.383309660571611810e-02 -1.790167305103935449e-03 -3.367882227950851765e-02
4.195246865477961912e-02 3.758648067309113688e-02 -9.818673984543491856e-03 -1.738220513182452132e-02 2.616344352983214863e-04
4.684008331406409875e-02 1.042431948681391135e-01 3.586282082734295468e-02 5.165941467071622113e-03 2.645721075683316742e-02
-1.800469947638570073e-02 5.394069925645011282e-02 -4.000637494644650877e-02 5.130371403133998642e-02 -4.159448226952640326e-02
1.028729982899523158e-02 2.444207081929069061e-02 8.389289479816344763e-02 -6.417056756506486770e-02 2.586927515031877539e-02
1.574110360952848953e-02 8.936746547001933952e-03 -1.869534114871799699e-02 9.500322775905724326e-02 -3.073453870185709549e-02
2.322602828901466562e-02 2.769899225178789129e-02 -6.428679376039424243e-02 -8.912665858054160881e-03 7.791951452249035182e-03
-9.272232929072865559e-03 -6.839813968486668783e-02 2.388320849032523827e-02 -1.258073530861657935e-02 1.981676283866128443e-02
7.601508433312018738e-04 8.339865913852041734e-02 3.529243551025218559e-03 -1.614104796732861516e-02 5.993331339886480424e-02
-2.754685309785078265e-02 1.103549913135866943e-02 -5.656150633576831344e-02 1.030937504573654385e-02 -2.111393399972161938e-02
1.638369899306136440e-02 2.682515301544434461e-02 4.793861639027637012e-02 -4.428392551098173091e-02 2.848830265006023488e-02
3.341492294158752985e-02 6.903402011360630641e-03 4.733999016697847985e-03 2.868523644077570697e-02 -8.621255079265760166e-03
-4.658168044971518207e-02 -8.695832866236764824e-02 -5.249180916827812446e-03 1.668518072909696767e-02 6.020121304090056413e-02
-2.435825059895174033e-02 -1.200554472901763960e-02 -1.990571475429688680e-02 -5.417037205107608222e-02 -3.258839994864641434e-04
2.161953960790605547e-02 1.094810763214968188e-02 3.712605859853581464e-02 2.583874248046039157e-02 7.784710916973479160e-03
-2.757201270049915078e-04 -4.452897279016600901e-02 -3.671075975322517226e-02 9.384425158965359337e-02 3.592095273161567681e-02
9.821692990163782833e-02 -3.628748979084917003e-02 4.733293823470643980e-02 -1.670131228056099051e-02 -5.595780380298905066e-03
1.072410786861630327e-01 3.593707319384639720e-02 -8.125142791730648184e-03 -1.507468565452324549e-02 7.326844751933862289e-03
-7.407662142522870863e-02 6.983962168792344494e-02 -1.602275726189820657e-02 -1.396218804924103003e-02 5.590093380800314864e-04
-1.222858529833039699e-02 3.652532545493244326e-02 5.957146019128651410e-02 3.414555706675144464e-02 1.517276973606227451e-02
4.130321401899439415e-02 -7.197412666761408492e-03 5.060259681923077318e-02 -8.500004028220668750e-02 9.743675556457415121e-03
1.129651552728881334e-02 8.764709080550484033e-02 2.363244606633797124e-02 -7.036693170789180655e-03 -4.814625031603435301e-02
-5.417908485729645840e-02 -3.609203249676697089e-02 1.163894242448458745e-02 -4.199648832268456505e-02 -8.955786500715890927e-03
-4.800679386620857608e-02 1.970365741124227577e-02 -4.444286995236629290e-02 2.204993177206756357e-03 6.893136466230695772e-03
5.195497656372047995e-02 3.185102012885801526e-02 -3.251536903009022775e-03 -4.146068347652825253e-02 7.571379343524735350e-02
-3.629328900411633169e-02 -2.997639221098112594e-02 1.504258555819707951e-02 -1.635299772660748011e-02 -1.891238383686572738e-02
3.778712810105618481e-03 2.589979701031818946e-02 -9.428407285036020588e-03 3.578094665875154040e-03 -6.766158737884755969e-02
-2.568636463911180487e-02 2.232073347734686922e-02 1.174163991872555560e-02 3.991632895639389209e-03 -2.627842422388005500e-02
-1.182891317583681032e-02 7.609741798019145631e-02 -1.094016829793870577e-01 7.898186151453204977e-04 -1.605902464889999090e-02
2.282915368279590101e-02 -6.600770557639489000e-02 -2.954634632158477728e-02 3.984075781395049476e-02 4.556741132409491274e-02
-1.287074891454067366e-02 5.773389959379245095e-02 -1.055014628499597977e-02 -5.532112143938306553e-02 2.194446850346687405e-02
2.596707308777169293e-02 4.085067436822655690e-02 4.781180987954515571e-02 -2.615157258878717667e-02 -7.205231313432507168e-02
-3.763660872088277209e-02 6.501417318040174365e-02 -1.821956937930658410e-02 3.677209471560747428e-02 4.890903073826233932e-02
-2.932437350610013482e-02 2.504443426933057257e-02 -5.491950645066675379e-02 9.001454484143464607e-02 9.897033200616064952e-03
-1.447801940229644958e-02 1.332863697384712234e-02 -1.254552952609637173e-01 4.994364645074158421e-02 -2.913344870035928288e-03
6.515774954182311507e-02 -6.020692062806695666e-02 5.145219297406757736e-02 -4.903316037770015512e-02 2.084919210394680852e-02
3.185095269297833626e-02 6.864772445784056432e-02 -1.869853237107959101e-02 -1.697393452713596637e-02 7.109558782582933723e-02
-1.480872184273177190e-02 1.374523959887893713e-02 1.339027984554960055e-02 -7.450864168721736680e-02 6.174456022140403788e-02
-5.774788846472449222e-02 2.732530852591497084e-02 2.841294661147202374e-02 2.681889992238786075e-02 3.011949241963013738e-02
4.367931427027360591e-02 -1.257169487534129382e-01 2.911005471882385787e-02 -2.918315650401561920e-02 -1.733481253012641998e-02
-1.827427596665321882e-02 3.370603778731439543e-02 4.994625527793442044e-02 7.254467095211475369e-02 -1.294316303233803908e-02
-1.631340473626812296e-02 3.204313293693203391e-02 3.211027312616436535e-02 -5.020767567679594590e-02 9.313020760833488898e-02
-4.675636263925097430e-02 4.559363788755054631e-02 2.028953499699212917e-02 1.581601417764735493e-02 -2.306569437738469064e-02
-5.494724127870582488e-03 -1.238682465593434270e-02 5.451280371240555672e-02 -1.490527524360425911e-02 -4.683648730439077257e-02
-3.181576558583498748e-02 4.248659524574052715e-02 -1.184464985627519795e-03 -4.034932771680506576e-03 2.502140017498013722e-02
-8.695463684957493999e-02 -2.392465030537681975e-02 5.611640257813368948e-02 7.841484920531422917e-03 -5.983195761555030329e-02
7.503189355936275284e-02 2.154771349045673731e-02 -1.007308934871242734e-01 6.576783568541804022e-03 5.432868487436819799e-02
-3.946786172961594397e-02 -1.465485291273596787e-02 -1.273612040238506632e-02 -1.972010488410228662e-02 -4.931791505222667127e-03
-1.311483655409804994e-02 -2.394794691406291337e-02 2.500967216232938273e-02 -1.758557910656485465e-02 4.890408829617247898e-03
3.316462309353183230e-02 9.940322677231240578e-02 -4.747443510117316072e-03 1.991722914722540011e-02 -6.439059588266754508e-02
1.963277060704430796e-02 -8.860097805188230091e-02 -2.562802057837494998e-02 -5.143019709332019573e-02 2.884420692256245075e-02
8.503360557705725090e-03 -1.351121187039864419e-02 2.375822792941618966e-02 1.880511464611283462e-02 -2.249196201663981876e-02
1.090957946766523134e-01 -1.747938551577477712e-02 -5.261802873906083061e-02 1.074477347451077355e-02 -4.625702225644717780e-02
-3.966974125652526079e-02 -8.988811904245795625e-03 -3.836872521162620203e-02 -6.710407285810721101e-02 -4.276132764914492707e-02
8.501410904288007886e-02 -4.521965646102180103e-02 -1.361428593463512859e-01 1.768809402922599458e-02 -2.147030310851600482e-02
-4.838179694762882732e-02 5.362754810164788860e-02 -3.564450894338412612e-02 1.467813871886611450e-02 2.424546490650833150e-02
-1.295859263628635141e-02 4.519862945980213792e-02 -9.461010577348025891e-03 -1.212940763337293573e-02 5.492174331145947309e-03
8.944670282203458223e-02 6.155247746958009830e-02 -1.273838801547557374e-02 -2.783583105828772719e-02 -2.612537151218572579e-02
3.956304742726777547e-03 -6.327958598374832386e-04 -4.015124097086326081e-03 -3.177795418424420298e-03 -6.094160576477084673e-02
1.376149628470233269e-02 -1.454649299405606430e-02 -2.762493601017722983e-03 2.604732381132777996e-02 -3.647125590661917660e-02
-3.120210792144769221e-02 -2.346320322650458784e-02 2.926652486150192398e-02 -4.798119896708537974e-02 -2.362691419272971993e-02
-4.064796193273201991e-02 3.146511057678494372e-02 9.721513595755670867e-02 -1.599233495812207861e-02 6.791243463529644982e-03
-4.314856357286924599e-02 -1.504657970929809165e-02 -6.300415176289489438e-02 -7.327144707501770382e-02 -6.819870427835794148e-03
-3.587930393559268100e-03 -6.869936990417714606e-02 2.032170886791086553e-02 -1.587742260116559861e-02 -5.876891342236598842e-02
3.126592693640541792e-02 -3.019015857626619961e-02 -1.862537769174649194e-02 3.310848782354393338e-02 3.974736863867832370e-02
-6.156300189638718584e-02 -1.448101187872249951e-02 -2.136864141916735085e-02 -2.694443458978885986e-02 -3.381762417371097368e-02
-6.817019168606042179e-02 -4.080880185702795426e-02 9.319742479113601874e-02 1.539006094247619312e-02 3.078099810142618381e-02
1.510760011947014265e-02 -7.532046390261284974e-02 5.201319118029036626e-02 5.231553557404736154e-02 3.526297494487206502e-02
1.712449115814128906e-03 5.876008823034456485e-02 2.041834658059357710e-02 5.423482900224836645e-02 1.744504761406368704e-02
-2.942313607603271389e-02 -8.628051046697481465e-04 2.224677741457704513e-02 7.119801122229126034e-02 1.400356417450618861e-02
-6.645760130949876499e-02 6.093399910885792352e-03 -9.170277021797245548e-03 -7.290152709475826442e-03 1.095437647778912393e-01
6.176443530801832560e-02 6.628768295759500384e-02 8.350476666903104694e-03 -4.348239926897650570e-02 -4.696067837926574950e-02
-3.226756771367336046e-02 -1.216582817054099631e-03 -3.663176756079953439e-02 8.853626651902323647e-03 -1.167302571532316362e-02
1.586868557151276116e-02 -6.583148911073373466e-02 8.591823205063170432e-02 2.745233520343463851e-02 -3.661581490451064434e-03
-1.893940612731332546e-02 -9.421338211821317019e-03 -3.780445884775088944e-02 2.401785633101080272e-02 -8.569862873826916347e-03
5.589542092907952980e-02 -5.993655768941154316e-02 -1.148957607785396594e-02 1.355118679067049761e-02 -5.017686994589312319e-03
-2.407950911607696295e-02 -5.764040601306714973e-02 -5.718299180391738651e-02 -1.281520375686995977e-02 4.958613908250670416e-02
-5.530424507362827896e-02 -3.059465629068307962e-02 -5.060162771762902884e-02 -5.610192588277081172e-02 -3.726335961989065554e-02
8.623808481779421387e-02 -5.083431769498145125e-03 -5.521240925683448819e-02 -1.186586299311528057e-02 -1.354538412461399159e-02
-1.534345617463001021e-02 -3.490700026342123371e-04 1.104807215315434070e-02 -4.746144192896398911e-02 1.628004733713962413e-02
2.212117576264288274e-02 -7.427762665417367294e-02 -8.261108933521072589e-03 5.180526337532900469e-03 7.201565307790064319e-02
-1.028345953843280147e-01 -2.104968871241886044e-02 -6.743234155075422676e-02 -4.953601531276349487e-03 6.182449535568718124e-02
-2.282838174551892266e-02 -9.496922516835620831e-03 -1.023855028365490590e-02 8.418066918462190074e-02 -1.549414973124282544e-02
7.195531131544136150e-02 -2.471045714501502247e-02 -4.622766711536609868e-02 -1.962924899229581341e-02 5.027050899222621633e-02
-3.268555128536719534e-02 4.229883542781351369e-02 2.614380622389510592e-02 -7.179389168793508681e-05 7.595290912950830586e-02
-2.208964685185621848e-02 8.157962609294595879e-02 9.086372407697254974e-03 6.086304452136406806e-02 -1.599591477867139816e-02
-4.001804893527352580e-02 5.392229152080921760e-03 1.269453874485575728e-01 2.946209299704854664e-02 2.632971431664308734e-02
-2.865565026748184002e-02 1.328070488815082106e-02 -4.811815707825534832e-02 -3.494665599056231975e-02 2.811707133759205890e-02
-1.509647237226989687e-02 -8.819682755665780513e-03 6.202868910978142150e-03 5.695535516021006661e-02 2.683898517441201531e-02
-6.588154354271261171e-02 -3.547280088872750703e-02 6.671624523341454505e-02 -4.681663776488547563e-02 -5.837908597029613234e-02
4.300791019820923711e-02 2.391230990351803087e-02 1.229015595096651613e-03 -7.861544436315702489e-02 -1.353215907031735284e-02
-8.429065487685623304e-02 5.057156325439788463e-02 1.695250969875346930e-02 9.804716994839335689e-03 2.947827084319318627e-02
-5.643157533775382956e-02 -2.557328093962489904e-02 -6.664773064951629022e-02 -4.594747359519407021e-03 -1.115996417062885410e-01
-9.555776010214946103e-02 -3.459789321595078959e-02 -2.910398655670269966e-02 6.914097100497025583e-02 -3.071387063946330945e-02
-3.106141360203118831e-02 1.625579484062368227e-02 -4.849429620061478791e-02 8.254011170115245141e-03 7.216662183425166105e-03
-3.255471138629496830e-02 2.083780442214287765e-02 5.824420149126083995e-02 2.040752882413486569e-02 3.195480933476727708e-02
1.084686231959731875e-03 -1.307495775315299646e-02 -4.440703221091397285e-02 8.489368631405912321e-04 1.337134851491343819e-02
-1.296624072224880284e-02 9.610608255564818958e-02 -3.721092693652537815e-03 -4.369830538240846579e-02 1.931670996228665449e-02
-1.561961722096109895e-02 8.081510928980432593e-03 3.446048690367017886e-02 -2.426195687223597908e-02 8.602730776370191845e-02
5.694961142942094739e-02 4.789811365645213481e-03 1.462352399048161972e-02 5.396043021025780789e-02 6.574499296557259620e-02
2.296923480829709402e-02 -1.722199340777738619e-02 -1.117066765140737467e-02 -2.343580454389455892e-02 2.099465510123036879e-02
-3.521778923761968022e-02 -1.511939687626746506e-02 -7.139363815340921647e-03 1.942493312955278009e-02 7.008348433663656729e-02
6.006446094529149793e-02 3.226662622038531836e-04 6.218018181056080007e-02 -3.315908863169332588e-02 3.457536615566022403e-02
3.958830085376405586e-03 -2.670736315455675761e-02 -4.309252387251546329e-02 1.215761539685447506e-01 -2.543145552170306481e-02
2.059728143184676868e-02 -9.562797733063387387e-03 -4.748292286351155772e-02 4.148075450821196719e-02 2.520953588974705201e-03
4.590179482700276759e-02 1.402757412465257224e-02 -2.464474872178549353e-02 -3.354637314777939722e-02 -6.771050705743664189e-02
-2.879260733826967747e-02 -7.770491251263791053e-03 5.383595348767857003e-02 -4.946536726575673400e-03 5.783567556631256934e-02
3.215394089269608263e-02 -7.739192409216318069e-02 -5.872272994921690602e-03 -5.496845178415098176e-02 -4.478526853107767081e-04
-3.587611842655606675e-02 4.943104418248165516e-02 8.971105364984964178e-03 3.154487178099932981e-02 -2.454830851395493202e-02
-7.007885726647868074e-02 -2.260591875683874014e-02 -2.058023652439893228e-02 -3.314895648344624163e-02 1.163466429338264746e-02
2.158465055478105132e-02 -4.120997392782897034e-02 -1.834841571825081633e-02 3.040828269016043750e-02 5.197465301623419714e-02
-1.026792223297945568e-02 -5.496746199106402470e-02 1.859513390012433251e-02 -5.171909078212879457e-02 8.395602703961024815e-02
1.034438076465718781e-01 6.300573118598613853e-02 -3.417726349989506918e-02 -3.148974482885608106e-02 -4.355581564865663655e-03
5.654537734965275203e-02 3.503001002288203686e-02 3.439051917648870346e-03 -3.364442687528048509e-02 -4.210173855933227460e-02
-1.243446315428204177e-02 3.912625999842488100e-02 -1.021548970790526686e-03 -1.504247582920478776e-02 3.331399885115398588e-03
-2.107684169282218051e-02 6.294120915139941527e-03 7.837520709113353704e-03 -1.470138421047293732e-02 -6.463822331837119906e-02
3.809609997973843754e-02 2.052016551573557918e-02 2.435465980861899193e-02 3.289715614730178567e-02 1.457730888671814051e-02
-4.041784528028743301e-02 -1.210989738105097647e-03 -2.396112888451455356e-02 -5.406550545388488088e-02 4.541098564112269753e-02
-4.044744948680806945e-02 9.688215810415170756e-03 1.738964825437555248e-02 -4.896975272419087921e-02 -6.964191021954299621e-02
-3.798380388348894521e-02 1.551809577576052004e-03 6.974728001834447355e-02 3.547722891262260897e-02 -1.667662408741568680e-02
2.604250484942858060e-02 3.353594699831560083e-02 -5.028173044777081713e-02 3.796707993909794604e-02 -3.077615272629990670e-02
2.702093624856963944e-02 3.471122967747569676e-02 1.696736370884679990e-02 -1.321283925569423368e-02 2.846228138257855117e-02
-2.814578530505332590e-02 8.921327128304741561e-02 -9.738551799818473409e-03 3.734481906985168825e-02 4.818620982222580895e-02
-3.266654143376367808e-02 4.934547861853460365e-02 -6.311631623848480699e-02 -1.010261353309241106e-01 7.309441350317512701e-03
-6.188965338649152909e-02 -1.765575990351996374e-02 -4.337093616096756449e-02 1.665285350349381480e-02 -1.488444446197928223e-03
-1.128110438831638890e-01 -2.428914422983742896e-02 -1.352722344619829674e-02 4.327844024978279303e-02 -5.300551044154633296e-02
1.311130981697540207e-02 -8.426363612357420929e-02 -7.709980979354508213e-02 7.626903002879560634e-02 -1.755692571216014436e-02
-3.904641161529918275e-02 1.212553168297607516e-02 5.985040097288112093e-02 3.668123813422449753e-02 -9.593744869873715997e-02
8.862945135047808898e-02 -1.390713013097705925e-02 2.866859396694136121e-03 6.642196774662803560e-02 7.487361830836104792e-02
1.126485616517989251e-02 4.256805937372977466e-02 -5.509481006569544315e-02 -5.784390433914932822e-02 -2.937580970801756050e-02
-3.415659953227806467e-02 -1.300448352124421343e-02 -7.867151958295551251e-02 -2.106421028292796848e-04 -2.578421223087756439e-02
7.755116243645933383e-02 4.337512324902567662e-02 2.917550845560037964e-02 -6.419035550122804967e-02 6.021881400381043359e-02
5.504133822116719782e-02 4.274020500531528627e-02 2.459210063522550282e-02 8.109083036303967040e-02 -5.590075381571042723e-02
-1.067875329381391680e-02 1.223320451548850357e-01 -2.909486230415898531e-02 -4.702302009638221342e-02 -5.515340358357324890e-02
-5.644841511430133407e-02 -2.613019523403957434e-02 1.031543068827960041e-02 -8.078777395842375031e-03 5.583750629135735000e-02
3.446682344385484931e-02 2.327503423228537149e-02 -6.454066626508653259e-02 1.653602347767803987e-02 4.341058803041631525e-02
-6.707705744600538783e-03 4.118335530697257718e-02 7.261149406580071075e-02 -2.767650347140988495e-02 4.242608376524242830e-02
-4.638489877077897616e-02 -3.010270576844804175e-02 6.819759643577805522e-03 -8.189139717446459674e-03 5.727132612931890715e-02
3.622563969868563410e-02 5.991988330779994543e-02 9.224680369147648940e-03 1.361959911008520834e-03 3.932885102853368037e-02
-3.974136291320254886e-03 9.043867764959681241e-03 -2.613526403243398438e-02 -8.116951587583661268e-03 -3.813554186204003854e-02
2.677568415595045492e-02 7.889437406358546651e-03 3.629081578496821947e-02 -2.408825354614661449e-02 -1.692207143003376241e-02
-3.678280618248640915e-02 -3.032648581848806923e-02 -7.614366152469647167e-03 -1.040869810065898383e-02 2.308754768379066291e-02
-2.499204086447359349e-02 -4.292237749254781964e-02 -6.756071952170637773e-02 6.283575321883727582e-02 2.603792667159481738e-02
1.111459192773984160e-02 -1.575685922900274191e-02 -1.103136114574206940e-02 3.605462034854915732e-02 -4.506938917593027866e-02
-8.335720209176007700e-03 2.449468123791169807e-02 4.567950552984505891e-02 1.363134315135125334e-02 -7.700880654067313036e-02
2.815422773311345925e-02 6.181942229960599861e-02 -7.926911650209535198e-02 -4.913766318122442245e-02 -1.699654711783866318e-02
-4.899319570012593966e-02 -1.757340993052437794e-02 4.760988451168951530e-02 -1.428183343674430984e-02 3.451029806499296415e-02
8.645961086930033018e-04 -4.189941887086882921e-02 1.928058115348339069e-02 3.686903518865013163e-02 8.901619567825690138e-02
-6.054300126417355710e-02 -8.887964066426161380e-03 7.646057635914969060e-04 -3.395350763190491811e-02 -6.222861328783291235e-02
1.861868223775240208e-02 1.933004787288679013e-02 -7.004274692290217430e-02 -1.155340190783398086e-01 2.258309669960526997e-02
-3.860544113434784957e-02 -1.880205552871105218e-02 -1.285202517427429291e-03 -2.483182531885518018e-02 -1.115994556485552271e-02
1.148474766984716733e-01 8.313970324486759031e-03 -1.152648329995754894e-02 -7.402666738031245079e-03 -6.929009852065390329e-03
2.933004012482437126e-02 -4.731507237783150882e-02 2.350219229256241688e-02 -1.756409510281395359e-02 -1.862453677763685261e-03
-2.497694811150532809e-02 -4.168761471532412936e-03 -6.855769613087377146e-02 2.423152110439463422e-02 1.723196828346475543e-02
2.060664140264270583e-02 -1.642039125349648368e-02 -3.513962444915319505e-02 -2.322491496016644216e-02 2.073203846843876125e-02
6.412878850383110785e-02 -3.536106042403723559e-02 1.975482942246513732e-02 -1.317704110047262789e-01 6.971119348768166357e-02
1.482878661250892384e-02 1.502419479906179703e-02 -4.049134218125661350e-02 -8.594906956642764384e-02 1.559035931480179946e-03
-5.358554964198018744e-02 -4.866759338895507853e-02 -5.724221653436507157e-02 -3.203742525354275061e-02 3.743739401112869403e-02
-5.168744020880913087e-02 -1.973368256876957202e-02 2.943983454347703574e-02 -8.418843095281658417e-02 -2.911606318761979922e-02
7.468352018068477594e-02 5.976808061599727523e-02 -2.295278574950852454e-02 -4.234312662645446645e-02 -1.564322809847630558e-02
-3.116826899056166639e-02 -2.244031214685097021e-03 -3.557525610011614409e-02 -3.679937030076309984e-02 -3.267597597351243333e-02
-2.347404144679977184e-02 4.500324313106410928e-02 4.372151321646228217e-03 -4.399313915156629479e-02 2.157387967923992886e-02
-2.663348868263594807e-02 9.143881492724233347e-04 -5.830769357241549766e-02 -6.166908438479162292e-03 -7.960146478413124629e-03
5.570545682679340672e-03 4.825536645287902687e-02 -4.429820295457327639e-02 -8.892108508901754027e-02 8.609374058979359090e-02
-8.835977875779221780e-03 2.765356965306172213e-02 -3.832591527306215828e-02 -4.768378784804351046e-03 -8.366524863738261653e-02
4.495390565588180259e-02 -8.177384070545799799e-02 6.436942499759749914e-02 -3.745202693337339878e-02 3.350440096650773858e-02
-3.879281612107324251e-02 -2.150765661189003169e-02 -4.539851742074321739e-02 -5.396399864645549244e-02 1.062305273828634614e-02
-2.990791035582093457e-02 1.291210777868821019e-02 -3.757893569526006561e-02 2.689299512349884597e-02 -1.591216250429063062e-02
-5.793065783359937354e-02 1.065569302146792026e-02 -3.553602791617016532e-02 7.054992654090362636e-02 1.849049067175881356e-02
-8.227717325137842708e-02 -2.565966299962421995e-02 3.824106591356121049e-03 -1.917127993520806230e-03 5.856535820401947284e-02
4.043473597323767044e-02 -1.136851149210756085e-02 4.561740975641306872e-02 -3.629650348381133207e-02 5.004752583250434567e-02
2.156412649584909386e-02 -2.715899028055579478e-02 -5.201098696761421308e-02 1.658871413955884458e-02 -6.394797709425753540e-02
-2.082284873059057125e-03 2.481923443106909613e-02 -5.809559553973051710e-02 -5.097747582401356004e-02 5.356873044270975270e-02
1.542600100596812438e-03 5.132769757111994326e-03 2.271404194557648248e-02 3.106557013776313839e-02 4.467080453262052553e-02
-7.636651335457825263e-02 -4.760596111068816916e-02 4.481493587926064365e-02 1.049808755003400901e-01 1.432561034648653121e-02
-3.889654893483765474e-02 7.280187871439550151e-02 -6.496676354203342885e-02 7.099322532554649175e-04 1.340011887596578334e-02
1.027044415410297562e-01 1.506110128081270330e-02 1.169961949556726742e-02 -4.644558223254449669e-02 -8.561111953350393142e-03
-6.076038715323873324e-02 -5.213881072975709574e-02 -6.176588744224432992e-02 -3.826982150746956884e-02 -6.956172531329175845e-02
-4.178052664671160626e-02 -1.933366232921080938e-02 -4.056156514213294512e-02 4.849415176782332498e-02 1.214026853543399799e-03
-1.498097064359227640e-02 -1.220026980285380397e-02 3.902687038334994724e-02 -4.020459014750051713e-02 7.915968798414803331e-02
9.427561545835155821e-02 -4.237986600143646421e-02 -2.362269715200908740e-02 6.736979476964551072e-02 -6.576578824925058409e-02
1.764478192340447962e-02 6.540612689397530717e-03 2.589890749280383125e-02 9.198552656562955510e-02 3.437643283066819239e-02
-5.829863363684598294e-03 1.707819328106762943e-02 -1.624792427368363171e-02 -5.693221533228726844e-02 4.775257508383401461e-02
-7.000834460056290509e-02 -1.646997195232307795e-02 -3.995560070443578832e-02 -2.805914835557601558e-02 2.517988497270112411e-02
3.975962568885318613e-03 -1.107566606815236186e-02 -1.480415683017470008e-01 -1.319645398919722795e-02 4.977767535237176411e-02
-4.840628346461717246e-02 1.112624132625287671e-01 -3.001278680906459620e-02 -2.938194901757729474e-02 2.677693695469521643e-02
5.864952269884660119e-02 -3.046161777622163891e-02 -2.740654389776927408e-02 5.553503286595290467e-02 1.587642618280238338e-02
8.942700573915403350e-02 -3.543760591095696660e-02 -6.892854700508945463e-03 1.291534852748861322e-03 -1.672672542508740062e-02
4.404815166941737636e-02 6.579644178187057935e-02 -2.469828512770766687e-03 -2.640463762131290901e-02 2.692230942775105176e-02
1.835628882254583191e-02 -7.791189817604862733e-03 -1.523575087980045817e-01 -2.045640127295065419e-02 -1.153425863202252183e-01
-5.870597683330936595e-02 -4.087443747249995540e-02 3.633323251408952792e-02 3.361968490546460991e-02 -7.498735242240099630e-02
7.841031473200252289e-02 -8.316935142468821762e-02 3.104410656289076018e-02 -9.171002011351138926e-04 -7.988720051633719371e-03
-1.586533984787255949e-02 2.040027432727717360e-02 -1.131199711756588830e-02 4.209819527118525279e-02 4.346607723489823855e-02
5.042845157815188661e-04 7.537990535938152159e-02 1.985591084271357692e-02 4.903529849282354386e-02 -2.873747590211940192e-02
-3.032701318530869536e-02 1.153372552202559624e-02 -5.419050273037035598e-02 4.390458277263281639e-02 3.642469624659949029e-02
1.578011863736214493e-02 8.963912200439873995e-03 1.675872343940377346e-02 1.425066011483779385e-02 -6.221004280277431936e-02
1.817599315657136491e-02 -7.808952376247120346e-03 -1.237342005561974968e-02 -1.113137156597838844e-02 -5.145196317845945888e-02
2.670073110665646676e-02 1.115992662040687792e-03 -1.752217139137874496e-02 -2.316091631730893968e-02 -2.792011991496503101e-02
4.569670232799705363e-03 5.304127911602184164e-02 9.843461340030446038e-03 4.909417523313437670e-02 -1.362052646176542883e-02
4.733618865480202637e-02 1.402641967383752054e-02 9.761047820509512890e-03 5.654153503473324793e-02 -7.738401867252166222e-02
4.689233859363921980e-02 -6.095549552870844351e-02 -5.390208912229413341e-02 -1.782736038605019615e-03 8.504408342250843744e-03
5.618752810448057050e-02 8.404882008193906295e-03 -1.794544271465642674e-02 -7.995399084426955960e-02 -4.263073515752041631e-02
-1.332082689840319691e-03 -2.631204092693932226e-02 5.193225445074808183e-02 -2.587430112052970313e-02 1.729442715458857568e-02
3.499197132823976542e-02 1.906190536143725564e-02 -8.860310913652039155e-03 4.660124013122778769e-02 4.128516611089110000e-02
3.767001905268351630e-02 2.806101964667619825e-02 4.161531116898381163e-03 3.796271703170498585e-02 -2.918027602875297548e-03
-3.180316601209091237e-02 -1.431068993838628678e-02 5.631398348688227556e-02 -7.934016879151746526e-03 -3.332593178462444489e-02
-1.062634554560358199e-02 5.708282143035252332e-02 -2.111798156528001732e-03 1.454685709935489221e-02 -1.688355770263855887e-02
-3.651351642151073884e-02 5.231076845535342218e-02 -4.129796616821872907e-02 6.431619446699074483e-02 6.754012489039265890e-03
1.016277088421188995e-01 1.288851043883088889e-02 -3.128366911979856696e-02 -8.311582588201171448e-03 -4.151593905172996923e-02
1.292022173900417119e-02 -3.451895249224653378e-02 4.559869454886267964e-02 -7.920939205325487620e-02 -3.267395372514223222e-04
6.392682605911415017e-02 2.385299703623084897e-02 -2.091159536240605465e-02 6.976430894876638200e-02 -1.599137058299835573e-02
-4.151827750295090241e-02 4.330411137599089744e-02 -2.265917231432070314e-02 1.205968860573006091e-01 -1.645691044772398803e-02
-6.189569753178741224e-02 -7.780747499981567616e-03 -6.382526640773375504e-02 2.829300017414020443e-02 4.021380912142573372e-02
-3.297179224280429033e-02 -2.639471873938775345e-02 6.416532401627997317e-03 1.032680020898902977e-02 8.733092130110982343e-03
-4.733395842174768775e-02 4.691870000999700391e-02 7.640056736448275210e-02 2.878470820210135561e-02 2.078090504594306762e-02
7.957605819127271107e-02 2.921770334063470906e-02 5.250996213482587993e-02 -1.728367525095595575e-02 1.222408029527342552e-02
1.582333536307167082e-03 4.018674451567295913e-02 1.270537943479465963e-02 -4.301445225994912636e-02 -4.096300748284414234e-02
-5.224229094427486342e-02 2.038086775315909108e-02 3.414922722545670614e-02 3.280274024451741016e-02 -8.646487111641335292e-04
-2.338071956334199231e-02 2.002210188788447909e-03 6.030465410013090277e-02 -3.065880074133373913e-03 -1.291011273774925749e-01
-2.260674463413041291e-02 -1.679858789903383026e-02 -1.891869554337780729e-02 2.343884222777955009e-02 2.136757153505213294e-02
-1.486138361622910305e-02 -5.233289734528391579e-03 2.469553797925488209e-02 1.684409881349335780e-02 2.689518388511165370e-02
1.069717679370457697e-01 5.493548595468548609e-03 -3.799895143641133458e-03 2.506368912934913568e-02 -4.911846843326851675e-02
1.340341149306208991e-02 2.748279614291010073e-02 -2.416532534379002735e-03 -5.537124935056243757e-02 2.299038822765299417e-02
3.861491762201221117e-02 8.141210771314659478e-02 3.620014193287165311e-02 1.416823388126587074e-03 2.674767515508326768e-02
-2.991375068707622167e-03 5.618031788244514909e-04 5.336500248122545004e-02 5.016402765405824542e-04 -2.764228016133655000e-02
2.936819578474664585e-02 -6.300040292989875224e-02 -4.090505442641348410e-03 -1.614200546815297913e-02 -2.474340505700956157e-03
-5.506328368767943876e-02 7.724705529679723806e-03 1.562821330099974440e-02 -1.608613021307263996e-02 -1.016541263280750923e-01
-2.775814352983593889e-03 2.660360492466207205e-02 -9.066028532432211448e-03 5.050575094031653847e-03 -2.596499532786107275e-02
7.568878694600822410e-03 7.923875567067901178e-06 -1.576770102596495096e-02 -5.016061004504539234e-02 -7.511380659787819658e-02
2.099222671157228786e-04 -8.058526738463583916e-02 -9.920465333911278674e-03 -1.237830325549440363e-02 2.573356335602257523e-03
7.579739161928319979e-02 -4.346622460660690438e-04 -1.400691023237711150e-02 7.797950255633552541e-02 2.184100644471861918e-02
3.060668982979208169e-02 -1.845090800984309359e-02 -1.752101502686791157e-02 3.991898943198674693e-02 7.759817262870792424e-03
-2.044785622140185208e-02 2.716554673507233855e-02 -7.190396837742409064e-02 -4.138617535413768173e-02 2.738125674043798141e-02
1.285200887886872936e-02 2.203213046316628357e-02 -4.558175734016593761e-02 -6.144750056159858226e-02 -7.705307882575064896e-03
-5.679345021076373512e-02 -1.051145315687868065e-02 -2.647357609695645542e-02 -5.087639089168934786e-02 2.440048510821335372e-04
-1.214118099993365466e-02 1.405309730692077819e-01 3.104085062982902404e-02 7.346793974392801241e-02 -1.164896356519709705e-03
-2.133319108342742951e-02 3.617490482252179451e-02 -4.859613806382190315e-02 -4.344910340888512301e-02 2.896083820973594999e-02
5.611521519706215433e-02 -1.232786468629341187e-02 -5.085062478712466805e-02 -4.805449943187094924e-02 -6.486253032132488494e-02
4.314658883539009004e-02 4.321292275834202889e-02 -4.289004123169229410e-02 2.136255914830651609e-02 -2.802097936926117860e-02
-1.041014251795156602e-02 -5.637577144691699460e-02 -2.320985206835034578e-02 6.117524556727370333e-02 -1.037239276616989669e-01
-1.296903207167519889e-02 8.652580415958836813e-02 -4.625173189483590408e-02 3.657025067569460303e-02 3.856870845949395693e-02
-5.733312039333320065e-02 -3.731733286436619531e-04 3.782262122811474309e-02 2.757244212056868607e-02 1.938459613093501330e-02
-3.827781174129394216e-03 -3.919105806707984946e-02 -2.270537673063265094e-02 -9.454654116575124390e-02 -3.438305489862504560e-02
-5.212957800218099430e-02 -2.908636519615436303e-02 4.920769084213755251e-02 4.742324335134415203e-02 -4.039098670686457754e-02
4.589906484242958079e-02 -3.540949571440860089e-02 -3.309957640322153810e-02 3.633962451613967359e-02 -9.031386572230903909e-03
2.722684606094553841e-03 -7.885221853024497463e-02 7.208829064405401083e-03 3.485781726113944268e-02 1.615169859298479921e-02
8.912093726979935723e-03 1.931899674788577909e-02 2.178131665779230869e-02 -4.021600354913158759e-02 -2.244678417131695455e-02
1.100666779326766806e-02 5.835320900644729719e-02 -9.105276885573668211e-02 -3.493508705469432207e-02 -5.278542130295763718e-02
-1.312751549584630258e-02 -5.467465964932699540e-02 -7.624867651801239821e-02 -5.383836156605818074e-02 3.181300300883577181e-02
5.768016972580995716e-03 -1.519595580247428551e-02 -7.292674490935640089e-03 1.689108381677122128e-02 2.637490386668346620e-02
2.506806749059334663e-02 3.526156460775685311e-03 -7.141072314408883348e-02 -1.810764764235257840e-02 4.004354196995480591e-02
2.394769318507740732e-03 -6.703123341334413232e-02 -4.254278193241147615e-02 -1.430262468564234791e-03 4.543956034158102598e-03
1.037950882475281375e-03 -1.968469650138263138e-02 -9.523416849719093524e-03 6.301394391095459235e-02 2.198118588661213124e-02
-2.067038244072040565e-02 -3.510314924116245822e-02 -6.613913074666040448e-02 1.199251126714091786e-01 4.636808527940106811e-02
-3.852964457755134187e-02 8.809886562524066322e-02 1.009682746210477031e-02 -2.415646064878395976e-04 -5.626212667456962496e-02
-5.057441518969700567e-02 6.267299793288104437e-02 5.061234448871065883e-02 -9.105967836905868792e-03 -5.621796114310959047e-02
4.133870513719702794e-02 -6.956887548618226336e-02 5.080468459437381679e-02 2.170817634426332188e-02 -6.980633434713517937e-02
-4.544393135414680901e-02 -7.310874095443261342e-04 2.016475764953046257e-02 -6.671436122705379224e-02 -1.043668419648971363e-01
5.106068669324351217e-02 6.852693488549889758e-03 1.919435018912531155e-02 2.967976950206455827e-02 -1.086018309653055333e-02
-1.892972829887726999e-02 -1.425794370162474477e-02 5.851490000356706495e-02 2.056560636829327451e-02 5.481637032186412531e-03
3.462037118831650523e-02 5.965124974677348674e-02 3.394803534955439378e-02 3.686759949118762619e-02 6.914456443383303064e-02
-2.160814437907140288e-03 -6.715007181291719751e-02 -1.066952547720294471e-02 4.805881430751140181e-03 -5.869943520314513385e-02
2.848169900589059625e-02 2.944550025706636764e-02 -3.232944426359968260e-02 8.830726620917452984e-04 6.543631694067707227e-02
3.748998264875709474e-02 -3.437090519591624177e-02 -2.438549786465360816e-02 1.120450776676800396e-02 2.016762081983927094e-03
-7.236791225531733276e-03 -6.443234286832463797e-02 -3.873273679896162974e-02 -8.611730860716163005e-03 -2.005207383236342483e-02
-1.903090511396300297e-02 1.356963102335408990e-02 -2.451574877825989096e-02 7.958780617863721318e-02 4.169731372790252272e-02
-1.310894946897422086e-01 8.284796702002936164e-02 -1.762640924948524063e-02 -3.949802664824338810e-02 5.684034163247287524e-02
6.615816012396479040e-02 -2.313335937080443494e-02 2.140884986160705022e-02 8.583842696735956637e-03 -3.640833080643968156e-02
-7.072549066275266028e-02 -1.282915216024507060e-02 3.179546445815211245e-03 -6.683172731848865955e-02 -7.080481513184271047e-02
4.426801663083459321e-02 -3.797345649799606371e-02 -6.184584467448161690e-03 9.987147031342477610e-02 9.618400720874439869e-02
3.765439066342236851e-02 3.338979188038731366e-02 1.067243993978717054e-01 -1.137236275940185868e-03 -2.196071849506663759e-02
-7.621326046044589464e-02 7.256166231772658015e-02 -5.380562436945805771e-02 4.254725757359004851e-02 5.444084011532918793e-02
-3.311421115126215314e-02 -2.357235957040481125e-02 -3.087122750435016688e-02 -4.000124315548874224e-03 -2.682990914875088215e-02
-9.184799827893230101e-03 -2.890637602514123036e-02 4.357107807359194424e-02 1.586939368717793161e-02 5.195247245936677333e-02
-1.286893147499423504e-02 1.394667000805250787e-02 -2.336059998455627951e-02 -2.557012160451187927e-02 -5.442430367405706043e-02
3.300025828324852639e-02 1.323362750118481368e-02 -5.250174471567214778e-03 1.546504876001651881e-02 -7.103423457159935284e-02
-2.441529865159750706e-03 -4.532133979450007205e-02 5.592859447635954023e-02 -6.618216238732848276e-03 -7.699838393295019463e-03
1.222791003539684847e-02 7.691027796419498685e-02 -1.159300004388323646e-02 -1.902531004675476686e-02 -7.092897380455337464e-02
1.593836059339360373e-02 4.778491060564191151e-02 4.217525221064429009e-02 -8.479851973237059748e-02 -4.893649634231632406e-03
-2.094860348076372364e-02 4.349598485471748571e-02 2.255088393825643855e-02 -5.028679754178685957e-03 -1.632675602421184216e-02
-2.652409689510376589e-02 -6.373339998241666846e-03 5.594764657626778888e-03 4.738435960384765333e-02 -1.216422869414927020e-02
1.812187779617778364e-03 3.180005374440118132e-02 -3.423461597102248066e-02 2.777615207249358592e-02 -1.031600281073936504e-01
1.784096734028542061e-02 -1.049135095220570142e-02 -6.067027122940921169e-02 5.984244277648187102e-03 -3.775375150533823165e-02
-6.028928653376139368e-02 -4.050144598374642163e-02 -4.085010381403206790e-03 -7.683324547280579418e-03 1.643394562802459255e-02
-1.068716575062905044e-02 -3.478344430561697287e-02 -2.594168528890875361e-02 3.580098521579199583e-02 3.478621391767882515e-02
-1.671492437415217011e-02 5.484470048041163032e-02 -1.122200293877038003e-03 6.833169717527015630e-02 1.186212296456311396e-03
-7.751701729062905263e-03 -5.887070544949573464e-02 -1.735583059678024245e-02 -5.380017906398174010e-02 2.443255619449204163e-02
-8.504695886138810557e-02 -5.798415772199629233e-03 -4.517978920941057713e-02 -6.432373378435524147e-02 9.094726770433868637e-03
2.570020282165362546e-02 -1.016948248433522002e-02 -8.818041187561179162e-02 -4.345219683636967339e-03 -2.717614543918879522e-02
-1.577821639299214693e-02 5.471574869915227929e-02 3.027764515414505669e-02 -2.030717042452343662e-02 -4.699971359341554439e-02
-1.775094294384195817e-02 4.249051306798230787e-02 2.762508428780670322e-02 -5.746336056120188857e-02 5.010896473441691507e-02
-3.386800569933438171e-02 -3.372889632029078821e-02 2.823011916175010780e-02 4.050338405779337070e-02 -8.162742525631330737e-02
7.694725796087370853e-03 3.425401041359962123e-02 -1.123226802464357722e-02 4.296665583654821208e-02 2.053650680737298395e-02
-1.089987169808432320e-02 -2.028471855882022293e-02 3.176569285066475207e-02 -1.494235520869780301e-02 -2.195845536578097321e-02
6.828551204293401011e-02 5.311687641707219659e-02 -5.731320416899701731e-02 -3.375833371099225266e-02 -2.176318276278549346e-02
4.716960461547341915e-02 -5.345394262555751286e-03 -1.607326869688087759e-02 -8.884799345582141544e-03 -1.652951940911868631e-02
-2.464780626222361562e-02 -4.287470496163553468e-02 -5.760809213408062818e-02 1.722548825559432843e-03 -2.240921865254404469e-02
1.707586506148173547e-02 5.982610716834226711e-02 -2.779810643843995052e-02 1.235123561586970974e-02 -1.911444129788957350e-02
5.678382245767601283e-02 2.337960510009058634e-02 8.817028662851568444e-02 -3.956366903249152606e-02 2.783995729918163284e-02
1.272481594119183844e-02 -1.127186010675167681e-02 3.081565675433409549e-02 -4.750255906149042362e-02 -5.094683309512457181e-02
-1.112307655495487976e-02 1.020871278422220800e-02 4.628341971147512460e-03 8.811613827977560209e-02 -3.218284966882820758e-02
1.643776876787103602e-02 5.599454318286767318e-02 -4.584269306974012026e-02 2.489563555775903790e-03 2.223334814737432455e-02
-2.019096902690368026e-02 2.889902923703598428e-02 6.296698818229490291e-02 -1.970804098734560937e-03 2.333317117608252247e-04
-3.123506366969843254e-02 -7.860254632083317483e-02 1.634719089918618140e-02 8.526103162179052286e-02 -2.013039087359458530e-03
4.192450481586741315e-03 -1.732564739194399420e-02 -3.642706030554213742e-02 2.385871756056876306e-02 2.930084903481030081e-02
3.749075661585432855e-03 2.753929628742273275e-02 -4.543906129714313930e-02 1.689565561473775276e-02 -1.351277118194881173e-02
-2.001773455611777913e-02 2.089524109872671273e-02 -2.828647188500612100e-02 1.073322003762664997e-02 4.961203707695054782e-02
3.250843860042089417e-02 -7.295534886865826657e-03 6.483721248592645703e-02 -7.726119574181644634e-02 2.890508235621340460e-02
-5.363617338908516913e-02 -1.300407372212985038e-02 5.104942008172246026e-02 -1.707776347663624060e-04 -3.984295535844720182e-02
-3.399695423094641761e-02 3.616330220841566800e-02 9.679244119713985295e-03 2.183379126389010591e-02 5.372404599446868600e-02
1.898902844147025426e-02 -5.553433162032446468e-03 7.436959177065648186e-02 -7.405101597496364929e-02 4.510079677396780506e-02
-2.394544304404662774e-02 2.754721040109308489e-02 -3.254543209983993407e-02 2.906837407373449172e-02 -3.376969251604972078e-02
-5.357296043353086679e-02 3.973903346036591899e-02 -1.977723757910854543e-02 3.247183278993002326e-02 -1.462757080690731300e-02
3.879094506749954790e-02 2.575687384287088724e-02 1.776134713845292645e-02 -9.831071396175221355e-03 -4.328521898138348867e-02
-2.808050632974581906e-02 4.150614341687365594e-02 6.209648644202253598e-02 -1.899196843154922964e-03 1.881311925974862506e-02
3.195769309565574257e-02 -2.651109776180292019e-02 2.442797367688581689e-02 -3.228844333584823811e-02 3.208074512163613251e-02
-1.769515611927164819e-02 -4.517168949577783817e-03 -1.144864102291336949e-01 -9.860216226998069766e-02 -6.713616397987020451e-03
1.057573670543014294e-01 -1.479608708218364647e-02 -6.057654079395297791e-02 -4.602231617234463223e-02 3.952267399333128650e-02
5.383183936691340182e-02 -4.977911565540825423e-02 1.177039992493043724e-01 -1.361613786976030929e-02 -8.111483495146547956e-03
6.301439038159876993e-02 -6.132265180634884072e-02 3.339451656169853400e-02 -4.116043623585618344e-02 1.007989985134187111e-01
-1.564124276334174363e-02 -4.778412960792606176e-03 -2.914801547443975419e-02 2.451526804769586787e-03 -1.128797635437926716e-02
-6.400557530615103019e-02 -1.003239104830456335e-02 1.169658371807451303e-02 -9.174356070136174823e-02 8.248280527642355697e-02
3.954998111101345332e-02 -3.600149316116222492e-02 -1.884677357531082051e-02 3.982757885103303114e-02 1.047967607827218761e-02
1.627781851952564418e-02 2.246741257167972350e-02 5.083036425813890202e-02 -6.217507330266770771e-02 1.819794639920668117e-02
6.974731725486347719e-03 1.080549216266355828e-03 3.101292710872649225e-02 -4.022699763607629625e-02 -1.293936774759275529e-02
-5.204888483384998224e-03 -7.132990871980408876e-02 6.297555214850458771e-02 -1.414027576966085317e-02 -6.819408616273277268e-02
-5.645676717841691811e-02 5.481953255216476945e-02 2.386299829503666856e-02 1.657401990682836473e-02 -2.635718248144191395e-02
1.661884912045065790e-02 4.424066636743562847e-02 -3.929401679433776329e-02 5.923124028673783931e-02 2.977881027762608809e-02
-7.926990109971643328e-02 3.638940689582145782e-02 4.374126323598745425e-02 -8.321297207662137554e-03 -8.938115481074906943e-02
7.122407266830335648e-02 -1.089973459098020868e-02 -8.122721790865922165e-02 4.516333752559990172e-02 1.373371850020931040e-02
3.968037091105491160e-02 -2.703864606287374045e-02 1.998751688814888114e-02 4.476336415652740664e-04 7.599935072030725158e-02
-5.630451023953794709e-02 -1.939942107039532154e-02 -8.059609201197389175e-03 1.076094518140129595e-02 5.699238778656792737e-02
-7.676580595667713280e-02 -2.783448538554933113e-02 -1.137118276760809045e-02 1.757525836609754102e-02 -8.694719435514740649e-03
-6.465767737059559261e-02 -4.176918878371221194e-02 -4.480268032844818282e-02 -7.548329797258480911e-02 3.681190200261631740e-02
5.622837123843139190e-02 -5.293295036417067223e-02 -1.707244845513139833e-02 4.918999031401264516e-02 -6.037056372683399785e-02
-4.788634357304222267e-02 1.094401006900472401e-01 -5.190051127385263835e-02 1.915587032707136150e-02 -6.501993064316184678e-02
-4.269446572918655231e-02 -4.126141896607192494e-02 1.890922262157343839e-02 1.396998275953430929e-02 -2.595228162126572008e-02
4.683658216010384845e-02 -3.339554025777650287e-02 -3.400390679807434313e-02 -1.031463696208467437e-02 -4.781962595575617314e-02
7.819814109983844186e-02 9.413271534150084718e-02 -2.552297294256896439e-03 -6.988432527549263973e-03 3.203987187481336513e-02
3.903289327231578704e-02 6.665916739505503563e-02 -6.964857364009674479e-02 1.239175210008690298e-02 -9.438292684837142066e-02
-6.069861440330280578e-02 -1.003585648025585517e-02 3.790547380307491242e-03 -2.789871864189578249e-02 8.841391978215210057e-02
-8.624971101983447408e-02 -5.988724417028952474e-02 -1.776622345635951380e-02 -2.087602067655467200e-02 -6.729679925261866820e-03
-6.524345894420133241e-02 2.682748442396389911e-03 -3.927570094802797229e-02 9.500787841196416117e-02 5.188291105106682122e-02
8.204192380764667447e-02 -1.709311507609523328e-02 -3.070605971328532486e-03 9.411984022029518115e-02 -7.368924836105464338e-02
-5.255624497630693309e-02 1.060550737899251111e-02 -5.696225513945237656e-02 2.038462372768767850e-02 -6.620972613364517478e-02
2.544715150758511402e-02 -1.147502845415536259e-02 3.372531118551137103e-02 6.660926525317896474e-02 -4.723885202652935988e-02
5.176154121215403685e-03 6.741996956115312023e-02 5.719644196445702183e-02 -3.890339931772142379e-02 -5.989231886923006634e-03
-4.429131174449500719e-02 4.093503748529969677e-02 -2.280437351300527646e-02 7.847984153940415486e-02 -1.969784870061978832e-02
2.615092005339778383e-02 -3.509405602217044451e-02 6.316644924149054929e-02 7.087955373052061414e-02 -4.474277136102011200e-03
2.514128246935684249e-02 6.480056519387421277e-02 -1.039759728439313552e-03 -3.929567230855113974e-02 -2.796998259174003978e-02
2.264052523778263548e-02 -4.043417843145706569e-02 -9.829493816849168078e-03 -2.001712408089742837e-02 -6.756936674348511251e-02
-2.931605444088293370e-03 1.576248862934780809e-02 -2.967955556894685820e-02 1.177416849757169891e-02 3.541928841177522519e-02
1.950626832842651190e-02 -7.642711605292435047e-03 9.318806703107852113e-03 -4.214428738541212832e-02 -9.467828850706935806e-02
-1.994039045265057902e-02 -2.495981525482081353e-02 4.681126144667323991e-02 -9.072365015625503265e-03 -2.455642829994809928e-02
-1.184046051868585525e-02 4.444091442765587055e-03 -3.712782272079174356e-02 2.278708577569133614e-02 7.286015975799302324e-02
-3.893823607828276329e-02 -5.747419442205337764e-02 -5.443137301954417001e-03 -1.467472766107296399e-02 4.807511117227172837e-02
3.887265051507884234e-02 3.345547225552199938e-02 -7.692209544148924383e-02 -6.266719629894816623e-02 4.236411871815975311e-02
-2.684404746748959153e-02 -4.840969648951956063e-03 2.043200865299811542e-02 -7.742567238161073007e-03 -3.710012327335388688e-02
2.703852847829872966e-02 -5.133367414108294668e-02 -2.829725797429378728e-02 -2.751992982453021260e-03 -5.301309212797503806e-02
-3.865570566795401876e-03 -4.075317041519214978e-02 -3.568483829999143792e-02 -8.039068391888345988e-02 -6.376417130585881887e-02
-4.960800022047105046e-03 -1.746878896046171262e-02 -6.484403373417324534e-02 -2.336822650014370659e-02 1.026536707805654203e-01
2.447502555122084769e-02 1.252875183551985586e-02 1.921541011687944583e-02 3.463353051406132393e-02 -2.826760633358426245e-03
5.019669173390117062e-02 -3.727949685480740072e-02 3.513103243266287729e-02 3.159623381760756633e-02 -3.955907201941424173e-02
-4.066265791302323823e-02 6.419619796559959679e-02 4.124396368038252964e-02 -2.769640109837904346e-02 -1.671949487981638782e-02
2.480768123273095760e-02 -4.493360052832282708e-02 -1.839794545816858182e-02 1.863992971714850330e-02 -1.017110414015426623e-01
1.428535008683421911e-02 2.468666697200809154e-02 3.051695993625025416e-02 -5.845589208687964472e-02 3.855469391296108272e-02
-4.169595957078985754e-02 6.905908312852362951e-02 2.365916368723844365e-02 4.943505665146762790e-02 2.528855328905479233e-02
3.090772049091820330e-03 1.205700400013011153e-01 1.472418363668386194e-02 -6.660308982589495386e-02 4.850326626156564042e-02
-7.161945552291047387e-03 -4.629997653898399249e-03 -5.132548182867308073e-02 3.029012819007368545e-02 4.359477589888875737e-02
2.533466418863445854e-02 9.894856353304056634e-03 -1.513970575501944783e-02 -3.376439302137437121e-02 -3.537334889797418523e-03
-2.808884705037089161e-02 -3.780334916913682258e-02 4.716645921320201246e-02 -4.840580011899907331e-02 2.398607087337822907e-02
4.021987656790878066e-03 -1.150718689625738755e-01 -3.505965971282742205e-02 4.799836650660836007e-03 -5.105067433907175406e-02
-5.625709613603291359e-02 4.589070409882730489e-02 -3.783870512540381953e-02 -2.560890538323329010e-02 -1.256569139909754877e-02
-2.469655924982561146e-02 -1.818542588691011638e-02 9.387405597920264744e-02 1.368352420671657167e-02 -4.654218754883206882e-02
9.422946959738403086e-03 -1.369453220026865294e-02 7.071527888283347940e-02 8.395859364614972203e-03 5.304525288757247492e-02
4.693290532710803903e-02 -3.633896097812143976e-03 -1.059626820589167767e-01 1.459252700554301667e-02 -2.996063360314217203e-02
-4.393428691026494970e-02 3.256136058656063786e-02 -2.848008463324764802e-02 5.992945369292857968e-03 -4.512542414291887717e-03
1.708046354625245011e-02 9.103097242234475805e-02 -1.263364887210112995e-02 1.239369268635804981e-02 7.871705939233721028e-02
-3.532778693331111580e-02 1.093369203947974246e-02 1.225540646984357197e-02 2.978162716118449432e-02 -1.512192449247434442e-02
3.046104713175543446e-02 -2.209318014677449579e-02 -2.953948646631740851e-02 -1.680271821717616021e-02 7.041546342082045939e-02
-1.294286150283336864e-02 -2.809059979884303768e-02 4.386355400834575369e-02 5.569433806279421029e-02 2.588078856608183945e-02
1.248394134390917905e-02 2.956093905436373015e-02 2.006053411872003173e-02 -7.097148216767697713e-03 -2.046846036595639448e-02
-4.131542211984698398e-02 -2.771723718424159988e-02 7.009507148308151414e-02 -4.716588737502835915e-02 -1.287441051662812364e-01
-4.206961500297940609e-02 -6.538113357185007524e-02 2.187723410155871517e-02 -5.600057250143485738e-02 3.978637156348952680e-02
7.625394046910974853e-03 -2.343667299471269630e-02 6.729776976714513248e-02 -1.699626057944504318e-03 -1.322816656917186022e-02
5.444115987276818003e-02 6.494276753824071956e-03 6.061104750032425548e-02 -3.679841714021778870e-02 1.946334792295521463e-02
-5.751103204322382395e-03 -3.699383929061988985e-02 5.322341291325007051e-02 7.707867611259849872e-02 -1.495010785290904094e-03
-4.128374226228000848e-02 -7.601930008071645928e-02 -8.126541676473642006e-03 -3.519896840529537774e-02 -5.082268827876015166e-02
5.955674437264659588e-02 1.193138654715214346e-02 4.238091699002117380e-02 -5.449582164914801991e-02 4.617390121785393958e-02
1.433664668065978351e-02 -5.611305396131620327e-02 2.878718165057702130e-02 -3.481673463247422079e-02 -3.369206809235863326e-02
5.066972628558821801e-02 4.599030781332896084e-02 -6.786005167057866660e-02 -5.630810074725827938e-03 7.348247564963988898e-02
-7.603893770585039291e-02 6.307383528129767436e-02 1.085201449527699868e-01 2.181727464801828595e-02 6.839960141983962572e-02
-8.298518977759215126e-03 1.128772988460578497e-01 4.409968228788505029e-02 -7.273086448343597799e-02 -4.940806476566086264e-02
1.439041751507142385e-02 -1.595990593584658765e-02 3.784526227394585662e-02 -4.182827590175688254e-02 3.526126052903375777e-03
3.684514949181995347e-02 -3.189718644544100451e-02 3.035187282964697461e-02 -4.289822348542795399e-02 -5.565449790200763941e-02
4.565291456996604935e-02 -2.619581561021099014e-02 5.294298144153219976e-03 -3.215487806029176943e-02 5.642238434194733060e-03
6.494420224747497750e-02 1.002975509524486608e-01 -3.541756666571667378e-02 -4.826263143870590695e-03 3.070787247892838023e-02
-1.050616516703055565e-02 -4.078820196045646225e-03 3.761888621067024235e-02 -1.613109813032442483e-02 -2.281378346473643057e-02
4.582124937023051084e-03 -5.114226332931404162e-03 4.324165057247386992e-03 8.888908381242789994e-03 -2.204840506168195824e-02
-5.211716390557980666e-02 -1.534891110003111167e-02 -5.309011565156318557e-02 2.944783510777080129e-02 -5.714859404602391779e-02
1.537276841983734217e-02 4.865261642055971822e-03 -9.127726188959616252e-03 6.672372095851557272e-02 3.872482388523566799e-02
-3.975106917137357504e-02 7.367524134472794306e-02 -2.617647093486159468e-02 7.555875820467237991e-02 -9.390706637369147791e-02
-7.996995556874508110e-03 -5.723272879230933237e-04 -1.396809094118367338e-02 -1.765488290175223560e-02 1.719146665755802092e-02
-1.704326429180269553e-02 -2.954982946527303506e-02 -1.924372936975427342e-02 -1.733286607258989476e-02 1.147906963937079215e-02
-2.983211019141817147e-02 2.400533599738186030e-02 4.759497793227342177e-02 -7.509799367136818504e-02 -8.361329097784329922e-02
-1.345197411259449818e-02 -7.141550686100783807e-02 -9.243227671030211992e-03 -7.418994363391086255e-02 -2.957242040084413423e-02
-5.800662616844825051e-03 -4.059381089308118119e-03 -6.060503517911657728e-02 -5.598166679176176793e-04 -2.396667822759913219e-02
9.208617736602939252e-02 -5.561872180718624437e-02 7.459603238706087602e-02 3.433289676122494583e-02 -5.598555681796376499e-02
5.517841156587903126e-03 3.037231809869304043e-04 4.842824326909487415e-02 9.720869991564465296e-02 1.809227166046143559e-02
-6.215909728356492671e-03 2.401821293173507857e-02 6.070829021603443149e-02 -4.031016461385154848e-02 -3.284899587230444978e-02
2.658278399032437331e-02 1.298215754847932835e-01 8.882459058938328711e-02 3.803012077498736654e-02 -4.105096922687719550e-03
-5.949341580892714143e-02 1.237525351116939600e-02 3.240190975301886211e-02 -3.770834261597815623e-02 -3.972137051193815743e-02
8.309525260827373486e-03 2.141019574677979070e-02 -1.810379914864414241e-02 -4.990455005573779697e-03 -6.668316741972703243e-02
