1.424193039754780184e-02
2.737770221537640450e-02
-4.980441737317855416e-02
-7.559349506287969811e-03
-1.111674283311003819e-02
-1.088848420357645293e-02
3.472631887756661914e-03
3.526824651381291892e-02
1.450417411771040554e-02
-3.716449522390254112e-02
-1.780949774613509520e-02
-5.773517071455554726e-04
1.109348434630727000e-02
2.221658454486849510e-02
-4.538271955379413573e-03
-1.818695824476890266e-02
-1.795357849327456484e-02
-1.349548131156790703e-02
4.228149890692121937e-02
3.888686677689323200e-03
-8.292565100583943957e-03
5.394654152244934830e-02
4.229582960624532137e-03
-1.983881673782114663e-02
4.379188292151899031e-03
-2.877167767687029490e-02
3.858345857781583788e-02
2.831831430444610789e-02
-1.907325668127786422e-02
-1.494410054950794445e-02
-1.610847800618799702e-02
2.727941067678647455e-02
1.361428709050260984e-02
4.667825330363761099e-03
1.052489703988216015e-02
2.125097303799585932e-02
1.609181491144076256e-02
9.253495476853888443e-03
1.134792518380210204e-02
3.103415510921135947e-02
-6.840896254212776219e-04
5.079192410297951599e-03
7.429247106852549312e-03
2.345444559761703657e-02
-5.162256396758365534e-02
2.812277070703968207e-02
1.867533122877270205e-02
5.551302279533113643e-02
-1.210258285997331366e-02
3.448278647101846867e-02
7.888918187809221272e-03
9.937524228896394123e-04
-5.757826379072965468e-03
-4.175910255728479403e-02
-2.647183809582189656e-02
3.742402350309793901e-02
-1.882784110092161275e-02
-1.272479778749846351e-02
-1.700296884554602537e-03
-2.317227752587512624e-02
-2.482938883176709789e-03
1.070758757552450584e-02
1.062260270513367376e-02
1.386457965100780509e-02
1.385334331068579714e-02
-2.143871003437732708e-02
3.941415576583934266e-02
2.993312185259623670e-02
2.572504004047719214e-02
-1.142705934574558477e-02
-5.738561097453274973e-02
3.695344957413337125e-03
1.901926377991201844e-02
2.614267157727572649e-02
1.686997814522487107e-02
-2.789501798813382588e-02
4.533685686934375673e-03
-3.180874557026658334e-02
2.416813989058356343e-03
7.082417192996884672e-03
-7.567605661014159893e-03
2.976027874675876705e-02
5.455087051195796344e-02
5.966893584775473380e-02
-3.672707918726629550e-02
3.574570017642492853e-02
-2.933487545937705446e-03
2.781755731548861410e-02
-2.088676297529981629e-02
-5.459577770447390961e-03
1.758753645792928560e-02
-4.874103572252116989e-02
-2.246422760483579844e-03
3.147496054471508528e-03
1.079213575584765140e-02
5.235343512141975991e-02
-2.271419537756417389e-02
6.334336435427989978e-03
-3.836432457385490630e-02
-3.299287865501789041e-02
-1.828503262657545439e-02
-1.444351598941928314e-02
-1.656496040368517567e-02
-2.511529641420949879e-02
-2.429118251385749272e-02
4.847270330023280283e-03
1.105726522202140315e-02
2.856946195329273033e-02
-7.391419513676365967e-03
8.550936026114890065e-03
-2.157123129956687105e-02
2.252254797310087459e-02
2.006169990550061774e-02
-1.207801772980146397e-02
2.366834483221157050e-03
-4.018203847069231477e-02
-2.929253383272654304e-02
1.147084348231845047e-02
2.860568844793318771e-02
9.441605996785756849e-03
-1.365253389617964580e-02
4.406291160545186547e-02
4.767703032202329216e-03
3.502864929565828456e-02
-2.458880760860962522e-02
3.471324651747499657e-02
1.992859896840275605e-02
-1.477496001205486770e-02
1.317762673604318431e-02
2.487905393801564599e-03
-1.878944684582549776e-02
2.821242109229170694e-02
7.221997693552530476e-03
4.668189289680573471e-03
-2.406721651459837671e-02
-1.774009335190821629e-02
4.715477796186112736e-02
2.204029396634278951e-02
1.252989686450860576e-02
6.464796550522904257e-03
3.558023977962958273e-02
-1.789801772374916347e-02
-6.645017913183079959e-03
2.797132890915699638e-03
1.703880625449287131e-02
-7.083917166883317400e-03
3.318584916862171025e-02
3.372267790212471472e-02
-4.085415994626978228e-03
1.595249497190476956e-02
2.321194402958237299e-02
-2.064687113655913273e-02
3.164256778430379891e-02
-1.557542396785307863e-02
3.396558448961606302e-02
9.982092578517090704e-04
-4.531921934308094646e-02
-1.685019187099157448e-02
2.669065216355550208e-03
3.611955903738697793e-02
1.423652657270301413e-03
2.233840439758746216e-02
-2.365039024348659577e-02
-5.501998777662143146e-03
2.142646210110684540e-02
1.277313788577282005e-02
3.377661571684087427e-02
-3.402078909872902068e-02
-3.671673800528901278e-03
1.030174844657681665e-02
-2.441205167825972414e-03
3.331255020197265021e-02
-5.403628310988726688e-03
1.078804760836773839e-02
-1.867768381654006868e-02
1.136420251225425324e-02
2.258578891785454484e-02
-3.676957368341162574e-02
1.332545625229000774e-02
-2.338020882261225217e-02
4.564352632738648968e-02
-7.984561622657823134e-04
2.664140808015304229e-02
2.179865768978967236e-02
-2.275463769339446801e-02
-9.885537587270794291e-03
1.232982007430452435e-02
4.620486745485072148e-03
4.287006059948939712e-02
-1.703768560689175940e-02
-9.538759229254008959e-03
4.136493091542246814e-02
-2.661852113208721185e-02
3.527145538140103592e-02
-1.107948059342185251e-02
3.468019768464042363e-02
2.284011800941620693e-02
2.209638736648361981e-03
-2.165092209786702304e-02
-1.450892907455986203e-02
-3.466567744921086880e-03
1.582352654277741077e-02
-1.564440028121531073e-02
6.375740068606271238e-03
-1.157685828013079420e-02
5.608583865996066842e-02
-1.440801662018703980e-02
-6.140022179451941342e-03
-1.151051858248708024e-02
-3.911390785415564536e-02
3.480724964245551084e-02
-6.167768442474145379e-02
-5.928403230344476277e-02
2.459525397875513691e-02
1.195052407303693817e-02
-1.369048963695931528e-02
2.146028314353849373e-02
1.915687400118858477e-02
3.570834688818322962e-04
-2.364264078955808160e-02
-1.781338862620698849e-02
-8.958598047972943235e-03
-5.646281401221648309e-03
4.408915668656281095e-02
6.404550505303663668e-03
3.665081442664515354e-02
9.078934689240435597e-05
-3.500386510557031150e-02
-1.909363578443649609e-02
-1.355600858265020026e-02
4.217152491126154555e-03
-9.785660949569596409e-03
-2.188923595904699454e-02
4.580128471994901473e-02
1.044676441500263196e-02
1.306660888495328465e-02
2.543029238108868856e-02
-1.686445939798825525e-02
-1.346588445958205212e-02
-3.268648551735076069e-02
2.073171615311477853e-02
1.253115987854385577e-02
1.627836555598742921e-02
-1.112309536694125467e-02
-3.054531749855380566e-03
1.274613433532346962e-02
-1.250460346991102457e-02
4.415873583694911869e-02
-3.707914437675469740e-03
-3.287545212242389686e-03
-1.008523880042194384e-02
-1.197248943017146204e-02
6.638503316014779040e-03
-3.497616773338974028e-02
1.611516455511024582e-04
3.640075704526718470e-02
2.411427325020539317e-02
3.891649145182355350e-03
-2.381665972409888546e-02
4.228261519330318158e-02
2.405205725845198025e-02
2.014950287610644403e-02
7.219018808153196062e-04
-6.220393272881302033e-03
-1.083072105424622358e-02
4.319610177026492887e-02
-1.879910239421585250e-02
-6.890268142010657314e-03
5.472889405265950191e-02
1.263175916234900859e-02
1.980341808970190187e-02
-3.316770869504902242e-02
-2.022233719463715357e-02
3.502271595391825282e-02
1.975637583220930110e-02
-1.854603383506251563e-02
2.108709371302479665e-02
3.137499010378425046e-02
2.951573438704827371e-02
1.551960433316644516e-02
-5.876713141328232526e-02
-5.461011017275726846e-03
2.964773041365406647e-02
2.113200894227400869e-03
1.125795877020720551e-02
-1.994563586843105599e-02
-1.958291970751488767e-02
3.629300232151457146e-03
4.855490657383402554e-03
1.801842851489116049e-02
1.212888177001546566e-02
-8.308391979173065586e-03
-6.658935648174614530e-02
4.112246699589082455e-02
-3.174422689463914093e-02
7.911684569894794974e-03
-3.024291226342803898e-04
-3.645013282999431253e-02
-2.593847029655010558e-02
1.133639454087047478e-02
-2.241628555556898078e-02
-1.730467292852041344e-02
-3.017972933015743153e-02
4.397134847422865846e-03
2.853415087702477690e-02
-2.716298260409143184e-02
-2.290748431892613776e-02
-3.381340483608444303e-02
1.810406067999434029e-02
-5.683849664301321436e-02
-3.241284965303032478e-03
3.501133259323883223e-02
1.430205645016922877e-02
1.871985298987808438e-02
-4.577963215457523521e-02
-2.991784195914250211e-02
6.316341788578700225e-03
-1.889289063668940158e-02
9.703965270443799460e-03
4.211585158498447334e-03
-3.198523655642282471e-02
-3.285785546466581108e-02
-3.548472025380900591e-02
9.152335110459765841e-04
-5.955368086486814184e-03
1.301297521479525404e-02
7.878036780826228047e-03
9.023333462027313678e-03
7.221622439594021364e-03
2.508144389850576819e-02
-3.330811589641017451e-02
8.233059021263557792e-03
-8.442095790817612938e-03
2.547120039889070459e-02
1.301686627776922796e-02
1.982835406899863262e-02
-9.516495396306919388e-03
-4.320029458048327969e-03
-3.388798298940174508e-02
-1.270701317064238875e-02
3.130603823979191680e-02
1.648260364230733424e-02
2.893375175719157220e-03
-1.325101615962083652e-02
-4.616952876730136962e-03
-3.023926254467921692e-03
1.994259985623780471e-03
-1.474878794474685298e-02
-4.941190830041795531e-03
-7.430833375780343877e-03
-1.172244279396705662e-02
-7.198069085764776005e-03
1.564691888813919338e-02
-1.453125723584816793e-02
1.710458525776217473e-02
-1.045439889378738454e-02
1.336132196491514323e-02
5.565551297391692180e-03
-4.855581274119784470e-03
1.724750645921845418e-02
-1.383856978984817840e-02
-1.090444925387046987e-02
-2.809587043559607158e-02
7.279575180615230172e-03
2.619799708132429126e-04
5.050963794873104123e-02
-4.522053342983333585e-02
-3.336489934060630352e-02
1.351218199546133647e-02
-1.535391802791860431e-02
6.966167927011002355e-03
2.762316204844177461e-02
-5.004695919586140936e-04
-4.521739220117254598e-03
-3.815270606828626010e-02
1.664706353133911521e-02
-2.629885794629422541e-02
9.280746441251593731e-03
-1.418987611519176122e-02
-4.002846505676386189e-03
3.912919332660543155e-03
1.351110515034406948e-02
2.591085493384090790e-02
4.284511560976040495e-02
-1.094118796942558864e-03
-1.464084650738892938e-03
8.308543402227827612e-02
4.566961678454447594e-03
-2.470175970372553639e-02
-1.099202269662852630e-02
1.239765475299763921e-02
4.593522671420561393e-02
-3.840719788067031154e-02
-1.154369986489856871e-02
9.642395044080254857e-03
-2.130877962910401879e-02
-2.948247255777971046e-02
-2.671298252058623441e-03
-4.727291745453891109e-02
-2.647966803143972717e-02
-1.356910829451723859e-02
2.843643446618700915e-02
-2.971516284137967409e-02
-1.806542813994500840e-02
1.910100988299228558e-02
1.335449701910155877e-02
8.779145411980040928e-04
1.723107620887316151e-03
2.695886948761322052e-02
-3.450774585669307698e-02
-2.851980753312757712e-03
2.448148103379249943e-02
-1.611553371122581568e-02
-9.473520161820303716e-04
-2.945753387435047499e-02
3.548437834094216731e-02
-1.252518098403393454e-02
-3.848160072969334516e-02
-7.943466745388497174e-03
-7.234254101942249639e-03
-3.203802869569759987e-02
-5.868932562951708135e-03
-1.244043370483916174e-02
-3.975766726123838510e-03
-3.586504208249331055e-02
2.687458548581895396e-02
8.151440792966936286e-03
1.251866066688996776e-02
7.740714593569424616e-03
-1.601149340657038664e-02
1.854495904848254065e-02
4.601894341072156752e-02
5.161522743377483513e-02
-3.952176526049070576e-02
8.573634059705371189e-04
2.751832603431755842e-02
5.067461447859951916e-03
-4.261606523845961648e-03
2.853223765600847693e-03
2.132357447656941119e-03
6.805506148042375462e-03
-1.626914631179219098e-02
-2.913708155448540421e-02
2.477854207769827899e-02
3.505909964238577200e-03
1.767221490676184822e-02
-1.694641597897041801e-02
-2.213342732952768011e-02
-1.483258518587074991e-02
-3.801111395898060675e-03
3.135282273392770575e-02
-2.187229110663150428e-02
6.416337343845451499e-03
-2.008327730257534680e-02
3.823265252750891741e-02
-7.644421258456940080e-03
3.089174607407624978e-02
2.260848793008870400e-02
-1.974876725880216066e-02
3.122161949626035826e-03
-1.417169387033371739e-02
-1.156970181266780799e-02
2.225983854753808833e-02
-6.479026037651312332e-03
-6.800481348959192852e-03
-4.911675669694153673e-02
3.570203444512924824e-03
3.392881011709418092e-03
-5.055363771088550000e-03
2.241227176771003367e-03
-2.108203114780425949e-02
2.274624873670184639e-03
2.274022505726412680e-02
2.243756862149214742e-02
-2.894460431386297605e-02
7.710978697906581761e-03
-2.503800866291894939e-02
1.613214651848405776e-02
3.353895967457293931e-02
-8.242182253001450326e-03
1.522165538399313650e-02
3.158243827889128941e-02
-1.727163697488079321e-03
-3.361345298773565221e-02
1.543500468642774841e-02
1.614841638535278665e-02
2.197382185193380924e-03
-5.446860066636987144e-03
-4.390978267837728627e-02
-2.295151851883557928e-02
3.218896704914664397e-02
2.262095043019807586e-02
-1.388250169659969654e-02
-8.996576839065696315e-03
-2.833632735076050541e-02
3.684985945901279175e-02
1.260472078359209207e-02
5.351784883052688319e-03
8.704269205763620273e-03
-2.229988883847994815e-03
1.198383881746278162e-02
-2.967260317703429573e-02
1.591025316092956748e-02
1.909640542623411430e-02
3.689455662051095708e-02
5.713803524291224262e-02
2.630090761314049421e-03
-2.141464014391757792e-02
3.088460336440073534e-02
-8.029656957190510480e-03
5.357509108043290776e-04
-1.272748521936287007e-02
