1.248053707457040355e-02 -9.417905169107782318e-03 7.258995048781176351e-02 3.924183550314004620e-02 -2.274674591919289071e-02
-4.192931618522285214e-02 -3.271934520573318433e-02 -1.826886867390654923e-02 3.681865394687063725e-02 1.899723912518863633e-02
9.619527325155139905e-03 -1.565813885130771946e-03 4.688491650299219521e-02 2.383307059935942801e-02 4.735280327536450090e-02
8.963887989690671673e-03 -6.868083004161272542e-02 2.258074463290025979e-02 -2.018248102949588701e-02 5.901157882335899413e-02
6.477768540386311287e-03 -1.749666259557586603e-02 1.446659293112596834e-02 -1.258755538456804782e-02 -4.679311137153815449e-03
1.626419753555416806e-02 -5.714881645391482051e-02 1.916601110810697839e-02 -3.837072018701977866e-02 -2.951505762549370970e-02
3.674483995397629515e-02 -1.763596658054060809e-02 2.834585886033167551e-03 -3.307783742218765866e-02 1.005784440879611275e-01
5.184660651571191409e-02 -3.165708179716202053e-02 5.051826733042413808e-02 1.361820019546631719e-02 2.268834252038932561e-02
-2.873581639016029379e-02 3.759448755837471474e-03 4.792352566283116476e-03 6.200568498443975035e-02 1.320918260508157673e-02
-1.629649252306273688e-03 3.412251430081470610e-02 -1.021523674163002902e-02 4.481594035544984866e-02 2.933026476549588021e-03
2.462812912016096659e-02 -3.109926605943373265e-02 -2.488416255530612967e-03 -2.218496318615518006e-02 1.496791960973074646e-02
2.366037410411636621e-02 -2.523827110962231779e-02 2.581177478563436919e-02 5.457403794002449460e-02 6.421146428721775934e-02
1.447888507065842045e-02 -1.026562506230672099e-02 -2.033889147066575420e-02 3.042237852158972966e-02 -2.460166767537079469e-02
-3.893496234588284671e-02 -2.181362353221481462e-02 1.577757248051639763e-02 -9.967094254997896363e-02 -6.271424972700993805e-02
-3.692674869648816111e-02 -9.522558006548964560e-02 -2.511152952531798058e-02 5.831897235314578015e-02 -1.765447422273087180e-02
-4.366526569039815009e-02 8.369700594409051897e-02 -6.798039185716703812e-03 4.441533744141910184e-02 1.561788452717120801e-02
5.834226615479438938e-02 5.215875919966919683e-02 6.186696925118510826e-02 -4.539867099694558546e-03 2.294201663403108021e-02
-7.604782823669466001e-03 -6.287421794331639335e-02 -3.035766093994154632e-02 6.889280555947413509e-02 2.233629105894684511e-02
-1.965747666408420690e-04 -5.829870730611574903e-02 3.033516313880212090e-02 -2.043205986213433509e-02 1.668235620878389877e-02
5.740144255715737276e-02 -3.915034126889786054e-02 3.674315225271327506e-02 4.069714226896563314e-02 -4.437982719693033505e-03
2.162407699767000466e-02 7.519980789810329011e-03 -1.792829655894667695e-02 -4.301395708660252226e-02 5.200664686672244741e-02
-3.207441828494848185e-02 -9.276180641227073365e-03 3.515160744219503891e-02 1.782393557483578223e-02 -6.084980806082558591e-02
4.226108140776538291e-02 -9.106288520440482953e-04 2.311813986411156985e-02 3.810401278391691710e-02 -5.775104883796344096e-02
-2.178805080098720343e-02 -1.126952434891577599e-02 -9.870645481077437375e-03 7.617072332152235309e-03 -2.381887363557310539e-02
-1.897590854248523153e-04 -5.156133842316158039e-02 -3.496054844812202661e-02 -1.331552960316785680e-03 -1.673704409255200726e-03
-3.851827163238995613e-03 -2.737993544241956040e-02 -2.260375896662788694e-02 4.550186059954394041e-02 -4.507282076983744334e-02
2.869697211244813181e-02 -6.880852738309135852e-02 1.619654323518106634e-02 2.970412621974946252e-02 -2.856200488907213730e-02
-1.708048113899836989e-02 -3.030884461699330165e-02 2.492055673112713796e-02 -4.898287100188147142e-02 7.214082284852114252e-03
2.660606566066464965e-02 3.196944930732228962e-02 4.842099270703240088e-02 6.821904993562208364e-03 3.638707122610869427e-02
-1.299025245431060377e-02 -9.170382304157833828e-03 3.961871747341312588e-02 -3.071623849089909555e-02 7.113312827448775024e-05
1.679021604340227847e-02 -3.354339659840620963e-03 8.244892062854265388e-03 -1.928260649395312221e-02 -3.625404966542240814e-02
4.138781492136455603e-02 -3.843119275810190361e-02 3.657941151245593797e-02 3.771113097836549521e-02 4.760973596323029092e-03
-1.739405792426537700e-02 -8.796844575089632010e-03 3.943130110718727488e-02 4.202419706085051311e-03 -1.585551211370365369e-03
-5.306863714028243334e-02 -4.163638218494864623e-02 1.999992878494557744e-02 -8.006058526214408777e-03 -9.201801284579015638e-03
-1.149083699114406172e-02 1.422257650301443459e-02 -1.993682952592783914e-02 -3.743625277637748633e-02 1.953316579119998217e-02
9.971586503396375964e-03 6.756440568166941288e-03 -2.768751335385249285e-02 5.348215080458832565e-02 -1.483257415747325607e-02
-4.991380877250907455e-03 1.141092689678835717e-02 -1.494077565549962842e-02 4.848208495337459970e-03 2.962609378501781035e-02
3.999267987874031288e-02 -3.655749095859379960e-02 -7.461677569872076721e-04 1.091507251845825165e-02 8.969671974153376262e-03
4.914591027654114513e-02 -2.870488051877025798e-02 4.061652049579710100e-02 2.471640706655403932e-02 5.075207544189072476e-04
-6.278661588984799091e-02 1.285491833106509538e-02 6.505488893944827433e-02 -2.646945284826321756e-02 1.806314445011598588e-02
4.288713164285368196e-02 3.535225433263353839e-02 -3.858568149655484947e-02 1.348000668712246927e-02 -2.746000785414817388e-02
-3.658365300534378167e-02 -4.959409480676516511e-03 -2.449716513588160241e-02 -7.038989461530966926e-03 -8.342079674291203242e-03
-5.177568133863124505e-02 -3.851324473758267058e-02 -6.712674920309598565e-03 1.041039638316792332e-03 -1.057979284912127088e-02
-1.730040371247986569e-02 4.254928393687343324e-02 7.935668174271161279e-02 -1.617875216870717434e-02 7.804799611127657445e-03
6.597521479608581263e-02 -2.552979460133114695e-03 -5.486269222435561504e-02 7.713909489060233327e-02 9.050827766945409095e-03
2.146493552480044364e-02 -4.187354342229453880e-03 2.696822988763641557e-02 -5.202009522177295647e-02 3.624679349096245756e-02
-1.540116568122534835e-02 -5.997797359682114499e-02 3.566753864686779407e-02 -2.264363729532710423e-02 -4.582745955108291636e-02
2.473632857825012327e-02 5.361901881483843030e-03 6.720575608037346327e-02 -3.740622266450305961e-02 -1.337948659501855472e-02
-3.440472480325546673e-02 -1.082736841551286931e-02 3.993424567519615609e-02 7.005723721894277500e-02 -7.431611831817402924e-02
-3.694637805798818564e-02 -1.416398438922863816e-02 -6.623193436286395341e-03 2.848645619850107349e-03 3.119409132724874564e-03
-3.241765494379978546e-02 4.590428387910850706e-03 1.563350016787450579e-03 4.244891843903832000e-03 6.042741123502045307e-03
-2.444217723532687500e-02 1.620859227823874451e-03 -3.085562465094006043e-02 1.538600254363790484e-02 -2.688950948772188265e-02
-3.885780775319282870e-02 1.366975338008521220e-03 -3.674724047864016963e-02 1.918281342921603419e-02 -1.817488699993978930e-03
-3.113646154306425398e-02 2.340752946017811420e-02 -2.067517434387202910e-02 -6.019104648597543850e-02 2.184865825880001351e-03
-5.883438635956875912e-02 -4.402676944655163627e-02 -1.546838573954430369e-02 -2.473394808531306083e-02 6.207135175348612276e-03
6.495076903574036054e-02 -1.143708334069983706e-02 4.312040775715631977e-03 -3.684888616852163151e-02 8.057097890876352766e-03
-4.408363666056500096e-02 9.919781872553602720e-02 6.544131324940795748e-04 4.076590144432901998e-03 -1.099215399420522266e-02
-1.093756365187098642e-03 -5.758587937263251466e-02 4.489670452427022701e-02 9.015771084349327724e-02 3.285048366487329508e-02
-3.553390397369092513e-02 2.309346799860245627e-03 -4.010776203929278488e-04 2.063908978864471486e-02 -4.503555243581328776e-02
-5.283148103191322859e-02 -3.564803866042397240e-02 2.866519821491231301e-02 -2.815884446678984868e-02 3.420566745950803095e-02
-4.082690616697285529e-02 -6.861465340874218360e-03 -2.810314658810022723e-02 3.760058468964854600e-02 -1.969779807174548703e-02
1.925270280076878549e-03 5.053155267002991391e-02 2.660419595251150085e-02 3.866120778022349991e-02 1.116144638212980718e-02
2.980558507277967367e-03 -4.006675366780022840e-02 4.452467558447349011e-02 -3.423998396815969986e-02 6.046920929289267138e-02
4.685133270584365857e-03 4.478471279141782446e-02 2.025111186206203506e-02 -2.434506190105040907e-02 -2.037659004393637188e-02
6.884422376593624104e-02 -6.269962776265562698e-02 -1.310518985700081379e-02 3.025001666485377383e-02 3.297483799857667958e-02
5.752602682875789658e-02 1.293035654213365790e-02 -8.691335084630703173e-03 3.542969254694233738e-02 -4.830549298457310903e-02
-4.206046096232800985e-02 2.892034473697385061e-02 6.905773587024092997e-02 -4.062800737151622821e-03 -6.933795718697921898e-03
1.946372505150522833e-02 1.495442324228337880e-02 1.946734921209870850e-02 7.130113242065748425e-02 -3.687976972610502047e-03
-4.335656711237172167e-02 -3.017832844277022752e-02 3.897603735927158974e-02 4.205055818722584597e-03 -5.000503044511533934e-02
-2.122087068817762184e-02 1.366490603294078128e-02 4.110868728294032881e-02 2.996401053616495891e-02 5.807669818669430536e-03
-9.001953811062923675e-04 -3.181584430317177612e-03 -2.572625473442625640e-02 1.484171871647474786e-02 5.705224384643512586e-02
-6.327553039971400839e-02 -1.414424684894073983e-02 6.198852818967339612e-02 3.019088857120734784e-02 -2.379934902945101197e-02
1.346410656315374238e-02 2.314564611117929382e-02 -3.221874802102175223e-02 3.856095679635910406e-02 -9.857846468833033129e-03
-2.638663407419121476e-02 3.272868531882164311e-02 -4.526544091923474095e-02 8.833062951439343835e-02 -1.573068928184643764e-02
-1.284160011820674463e-02 -1.781554080837202680e-02 9.347158322754096915e-02 -3.098588089632221126e-02 -1.842619018402771869e-02
2.460210423884536327e-02 -4.788710919247951558e-02 3.851435984056349876e-02 -3.835465618980370139e-02 2.364541353152089728e-02
-4.932313257879144056e-03 4.826368628280370415e-02 4.923820895150618493e-02 -1.279476958386888824e-02 -6.513832919475480779e-03
-5.952110441929451407e-02 -1.596812930759393401e-02 3.775711019166982929e-02 -2.984994852197942264e-02 -2.137743888366551003e-03
2.140918110925899009e-02 3.751597452905971325e-02 -1.550672232609863130e-02 5.998129359290757349e-03 2.505860036533534216e-02
-2.006584803080444998e-02 -4.183020719018830554e-03 -6.325798654307082138e-03 6.253822073484574529e-02 3.270299403957633438e-02
3.574447944273078520e-02 -1.201150930512399038e-02 -1.282935455437927280e-02 2.619507926756142052e-02 5.959556803041909240e-02
1.043022644887434264e-01 1.321083897704322142e-02 1.464515102831430611e-02 -2.564325859123712040e-02 -1.005930471428812152e-03
-9.697657169106204886e-03 -2.270768668982457369e-02 4.201505486308276804e-02 -5.845547444550556332e-02 2.700470661109928908e-02
-2.991047811553880498e-02 1.038264330781429705e-02 1.501117392629147153e-02 -3.968078588126490967e-03 4.896989396798469979e-03
-3.875403839135180967e-02 -2.316923616830717653e-02 3.421532448585299507e-02 5.657772491524422007e-03 -1.735773215266430899e-02
-4.256143722322901224e-02 -1.356838924188557768e-02 7.665913646047775283e-04 2.337342620942706867e-02 2.189954247014414337e-02
-1.661088426633314588e-02 -5.683918031182763619e-02 1.288874210055884414e-02 1.951461750319703758e-02 -7.317918873166520503e-03
-8.210309388321049284e-02 -1.019876434250909826e-02 -3.923854327939727514e-03 -1.344737796464287767e-02 2.484462358908737928e-02
-2.243584751035212696e-02 2.594978747457623788e-02 -1.196412967281980030e-02 5.941900355801593703e-02 7.147127841692687417e-03
-5.500185264660355927e-02 -9.543966264665970645e-03 -2.976274086695729001e-02 -4.501017079685327993e-02 -7.092900121064506236e-02
-1.533061201660258950e-02 -5.429069116296236092e-02 -7.445691083417986002e-03 -2.661836484235059405e-02 2.764644612401583566e-03
3.895366542069544913e-02 6.565062554374116732e-02 7.803789505128738702e-02 3.868531882778064330e-03 2.195730115499782906e-02
-6.437385521311178582e-03 7.087830361922419810e-03 -3.902706301326454297e-02 2.319317068644508387e-02 -7.052774499771813366e-02
3.099160811358867007e-02 -8.135995489322216459e-03 3.792908761801731810e-02 -4.554998525796218056e-02 -2.293826501562003586e-02
4.260137742501082098e-02 -2.877119198528615279e-02 6.047060455252260824e-02 5.097192972255458476e-02 1.166945788652497002e-03
-1.199719942326137566e-02 -4.054777494246199904e-02 -8.472152809389186037e-03 -3.764846136091921230e-02 1.174300197670019238e-02
2.380691893515158447e-02 2.162728297619818810e-04 -4.087367372214295580e-02 -5.155644902591662720e-02 -3.173810040326587034e-02
4.408176836625110617e-02 2.344163522291512966e-02 4.018767253248652083e-02 -1.567775467001942744e-02 2.239091244957112925e-02
1.280209714691153168e-02 -2.776280777351899237e-02 1.130975510575110872e-02 -1.102406509934594769e-02 -3.570319655771899553e-02
-1.405267139756214909e-02 -3.928659395944669730e-02 -7.302667606228476155e-04 -3.494381747342492975e-03 2.548566723770763140e-02
-2.279910881835790076e-02 -3.144558913908965941e-02 2.858077709733260544e-02 -2.762860492228432635e-02 2.760769278997254883e-02
3.278162346199717248e-02 -1.498501848480177957e-02 -3.594817175926416815e-03 -5.624758338178082427e-03 -1.446900464980111108e-02
2.402816272472137887e-02 3.126343006282553127e-02 8.232034089306164426e-02 3.363761223244731997e-03 -1.030086024452659538e-02
2.244804959432311620e-02 -4.063040864257182194e-02 3.187646683666845587e-02 -2.642191628022369509e-02 1.239578955962663924e-02
1.445650998392200397e-02 -3.209468836306565015e-02 -1.875662221681390074e-02 2.228134845220807250e-02 -4.201588685359133879e-02
1.763633377432979182e-02 -4.420892762882723537e-02 5.651268479627360314e-02 3.925662621925956469e-02 -3.760124162939174758e-02
2.038520122067119869e-02 1.704010128900406221e-02 2.201979642261378545e-02 3.123826603853734410e-02 -4.189253826390783308e-02
-3.938774170923258627e-02 -2.703862960607758895e-02 -2.553641887355822745e-02 1.851636255796157080e-02 -1.145108308985252898e-02
-2.215040089926833752e-02 -5.242727888372621103e-02 -6.712205929620220814e-03 1.551797383898095156e-02 -4.317517098059223818e-02
1.854924966777879783e-02 -6.462099350849777324e-02 3.892213343085153265e-02 3.079148098144894249e-02 4.792998836045657754e-03
5.952852234219287858e-02 1.321714501662227433e-02 -4.719047163313048608e-04 -2.643526511841999202e-02 -4.006875470657630944e-02
-5.965584763840548616e-02 -1.063961121359260215e-02 3.662400326410945178e-02 4.059879578142581297e-02 -2.788418888057059286e-02
2.969639206764249084e-02 4.760346707087533859e-03 4.355253293469455583e-02 -6.844642423667052222e-02 4.496673124400858007e-02
-3.605749861102381520e-02 -8.480292566769201401e-02 4.637947863291651610e-03 -7.921671038142392984e-02 1.965392687794840446e-03
1.115407260404917104e-02 -2.921619152139317069e-02 -3.590011922690673762e-02 5.125269636057190603e-02 -1.205424315144276205e-02
-3.532338582956832257e-02 -2.731323351708236924e-02 8.740317548372246101e-03 -3.791648316969705584e-02 -6.932793613087369355e-02
2.375851099168709013e-02 5.814750500048178686e-03 3.317575941276724311e-02 4.183051445614603681e-02 -1.552391081049086553e-02
-4.572842268305605390e-02 1.887192266802335469e-02 2.220684410263812358e-02 1.027731330473255628e-01 4.431644945767578177e-03
-9.681319237029322247e-03 -2.507482561957085493e-02 3.002453768174011620e-02 1.617379488512281013e-02 -7.880277287827656962e-02
4.779175340587620002e-02 1.321876960381444983e-02 2.203477021860738433e-02 7.795285111278334525e-03 3.050250680935025216e-02
1.001353636237458170e-02 -2.018668324279247403e-02 8.379914402138786966e-02 2.937736804566880300e-02 1.998634259860446530e-02
2.729087565560452035e-03 2.605337164894668683e-02 2.631327542512707993e-02 1.916670840721586971e-02 1.773396024961570311e-02
-3.174229615130723381e-02 -3.469674114106312962e-02 -2.319696340568825742e-03 -5.317983058979283001e-02 -3.561860068635907400e-02
-3.763762770971165045e-02 -1.568532049260891459e-02 5.869737158837126656e-02 1.475276997734465551e-02 -3.459192460584677165e-02
-5.243619123651097058e-02 -8.952238629607379983e-02 -3.196973373092830417e-02 -6.698412757428526959e-03 -5.798853595293865237e-02
-2.940012621617020538e-02 -8.474648441195169191e-02 3.059759944825611935e-02 -9.008428336498017219e-02 -1.029085015458158434e-02
-5.131871113413610797e-02 -6.008251944927639476e-02 -1.164787182532554116e-02 -1.092409229607791687e-01 -1.799706130977950236e-02
4.377386981477097289e-02 -1.767877429930468647e-02 -9.293825815187528941e-03 2.990055531839987991e-03 5.271505254119342870e-02
-2.513021024097226975e-04 -5.995976940579271497e-02 -4.429203987478045473e-02 -2.224159898375803267e-05 -4.193281855618764820e-02
2.212932199080630546e-02 -1.657145047081834410e-02 -2.256735282297890263e-02 -7.223931878114164991e-03 -8.959210171741138762e-02
2.281299645133741047e-02 3.162369345818903665e-02 2.879674803378614797e-02 -2.651784181949633917e-02 -2.755185781787093668e-02
-1.274248530060079828e-04 5.637357109556323173e-03 3.073266889838177293e-02 -6.526495140659178962e-02 6.227513268973045718e-02
-1.831898592545867788e-02 3.519521355403660429e-02 4.517872797741706581e-02 -2.932663851156546569e-02 -4.591089902508998372e-02
-2.452831626545287289e-02 -5.294481444083307120e-02 -3.115873111374271170e-02 5.592741074684835778e-02 -2.933077565029691691e-02
-1.804417389420769763e-02 -2.516683169467799977e-02 -2.363131065668738415e-02 3.732204009607659190e-02 -1.840585423978530200e-02
1.829149408084434917e-03 -4.580272438942516698e-03 -4.355422371962310718e-02 -7.272014295352635833e-03 2.710126110671364635e-02
-1.546965409899559059e-02 -6.407515236951781025e-03 2.017082528198096275e-02 5.959230287998776299e-02 -2.024334474935800959e-02
-4.105754113509527126e-02 -4.438895403000649165e-02 3.987019946494513301e-02 -7.120161500629747361e-04 -7.288597218264143696e-02
-5.445444181726310368e-02 -4.933951604188471091e-02 3.906297682503427626e-02 1.781487409414057865e-02 -9.549213998899970524e-03
-7.195637741792342001e-02 8.561201820126752154e-03 8.371403699577018021e-02 -1.148018171349217409e-02 -1.892848382331008272e-02
-1.697418136802238478e-02 1.211762317758456392e-03 2.893751936444089595e-02 7.437167151830586034e-03 -4.981319495492921023e-02
-2.461058371850035134e-02 -4.387961674636158688e-02 5.229493714027998869e-02 -1.334144841390744879e-02 1.159332090754073424e-01
-2.429942597931202680e-02 2.847757070322190151e-02 -2.771065171378277962e-03 1.974181761913445382e-02 -1.383003162740619081e-02
2.793369490860837454e-02 -1.091143946629371392e-02 8.927880107994405970e-03 2.210287132745818520e-02 3.344473327595171713e-02
-2.300379976047673553e-02 -3.959777626772606300e-03 3.739014262068419969e-02 -1.674537850017453894e-02 -4.899084303039906267e-03
2.678970518563138573e-02 9.278351106691820963e-03 1.555748815650948025e-02 -1.931787336882033468e-02 -7.939402215547634867e-02
4.090812846521037910e-02 -2.340463939081637371e-02 -4.903271287195737523e-03 4.619224260381012657e-03 -2.054809576387613829e-02
-4.350194683733939194e-02 -4.595320967582071370e-02 2.363652429768786905e-03 1.835258759972640402e-02 -1.028193373095285211e-02
5.307823278444306903e-02 -2.163575059861875486e-03 1.997539371209490142e-02 -1.693612318132128175e-02 -4.433584793353890358e-03
3.548514801032440907e-02 -3.376156611368181376e-02 -3.061161492743505463e-02 2.652497454581614900e-02 1.171338564914701022e-02
1.017974024465987705e-02 7.618947229827148504e-02 3.793479161180372122e-02 -4.514432537855683075e-02 2.376849154227730215e-02
-2.974277434403665814e-03 1.347393865374827034e-02 -4.112974777361941454e-03 -3.080254136771827869e-02 -6.476640241785454159e-03
9.696068917956391850e-03 1.542333636310658576e-02 3.741114895512518551e-03 -3.470743743597889258e-02 7.764225925889386981e-02
3.669409184811565569e-03 1.804864808345544138e-03 9.665294751446432478e-03 4.075359957368045877e-02 8.062551381015936602e-02
1.834678519146340850e-02 -8.199368726467070809e-03 7.195896207217932286e-03 -2.412886789104567303e-02 1.787792747344426128e-02
4.439013042210836896e-02 1.449382047191816181e-02 -5.952881859534685932e-02 5.433730366856677485e-02 -7.408380440083962848e-02
-5.927808035946919435e-02 2.730225427162028332e-02 8.239733984567008951e-02 -4.632491188985161240e-02 3.899972026695355809e-02
-4.326893278006099797e-02 2.771851178690681872e-02 6.867821740237459172e-02 -2.378709312793431813e-02 -4.064661850126625314e-02
-3.412757732202455208e-02 -3.368821518588902691e-02 5.787657321564157464e-02 3.498347261211982168e-02 -3.008740687317065093e-02
-4.390360700066290450e-02 -2.101155505230268422e-02 1.099006873110242553e-02 5.540134780936442627e-02 5.517522338456339742e-02
-3.883601859134004804e-03 3.227608508608480892e-02 -2.667083154142256204e-02 -5.349735307284610858e-02 -1.556657873871199714e-02
1.112016683414336106e-02 -5.713755177986529210e-03 1.150245227951657984e-02 8.183169925482897122e-02 1.132811190073631808e-03
-3.042375752660556390e-02 2.627447794891950641e-03 -3.290094428860607101e-02 8.863741309356793939e-04 -1.535957741146945325e-02
6.206059795267210993e-02 1.637695420672832108e-02 4.687740339842939863e-02 -3.573051654006809824e-02 -6.498475108976468906e-02
-2.331712768052571563e-02 -1.648057658932760780e-02 7.900874939623389950e-03 4.969721794955594962e-02 1.129347473539313394e-03
7.851911058130772725e-02 -3.372052552967697708e-02 -3.119524788407881596e-02 4.590769332702570454e-02 1.645820024755674515e-02
-1.817564278467932032e-02 1.967585906680258470e-02 -1.009308061702920110e-02 -2.012258272689883970e-02 3.905290431131922327e-03
-1.621297063784873579e-02 2.586558816520242998e-02 1.254177317359348939e-02 4.232519684184048864e-02 9.922872518233651420e-03
2.120643804736108660e-03 -6.690998089428892848e-02 -8.017779293145470276e-02 -1.870520627410872036e-02 -4.540635203603939768e-02
3.550305229926039273e-03 -6.475559365227712139e-02 2.682263930469726623e-02 1.998519968056621313e-02 -5.487186738840426486e-02
3.868741906168216699e-02 2.001563744396659371e-03 1.969480421458668154e-02 8.464655867852999283e-02 5.176127669933801301e-02
2.906513797403396937e-02 -9.872715190691505605e-02 2.761313001992316690e-02 1.322013298355660671e-02 -1.469568693783649890e-02
-2.655997447559964308e-02 -4.992056926717887422e-02 1.409481182992151395e-02 -3.602023329455926286e-03 7.335743397683543165e-02
3.325929559428110471e-02 -2.334689544816269738e-02 -1.188692978655443450e-03 -5.210324177764231839e-03 -7.951010858252342134e-03
-2.130580666152870686e-02 4.858122748690909404e-02 4.026809465490744505e-02 5.254094570163424238e-03 2.192414822910702943e-02
2.118559728180927776e-02 -1.469760170805644792e-02 3.414028587830175102e-03 5.564308442432420315e-02 -2.308305950985939381e-03
-2.301000120067526675e-02 7.561964939201369640e-02 1.642437003666661136e-02 -1.370715682680991162e-03 -7.106958099653411243e-02
-1.836285776635015847e-03 -2.132820857175950213e-02 3.493941321182079257e-02 4.835214040161001786e-02 -9.916885779464987283e-02
-8.608213097507093348e-02 -1.968281545678898792e-02 -5.945736532511267797e-02 4.180199506834575418e-02 1.681425290348156215e-02
5.911098391737445307e-02 1.261560621560368564e-02 1.677256425850573440e-02 2.997787583560599517e-02 -2.339050689281130940e-02
-4.312922942471639903e-02 -7.025984462827272042e-03 1.570956518846862437e-02 1.202434602233418137e-02 3.624644240035881232e-02
1.865587210566836338e-02 -2.952063656027867355e-02 5.336488465106742352e-02 -3.949972544698030635e-02 3.786739269966391160e-03
-5.528927771685768558e-03 -1.728745425456371110e-02 2.190144159008746219e-02 3.653914572345862838e-02 -6.226302563371146140e-03
-4.111098453679573606e-02 -9.528803784516243214e-02 9.987178123282283715e-02 -1.773793633905018999e-02 2.835076070052193822e-03
-1.988434691051653436e-02 -7.651659045316247520e-02 6.354986285074002567e-03 -8.268990540043718446e-03 5.919124142688587248e-02
2.040764789680119679e-02 -1.486699398481193014e-02 -9.031489353814595861e-03 -1.897062283225400131e-02 6.932110814488785799e-02
-4.738929267735828531e-03 1.348304031333855471e-02 -1.452415148176749993e-02 7.136254523997920263e-02 -1.623691714280754142e-03
-6.491089304517819181e-02 -6.282333031662107325e-02 -1.056955090371290359e-02 -1.706882557036832953e-03 -3.702701238440925940e-02
4.565839296740138026e-02 -6.184299494257312207e-02 -6.091778644900277661e-04 -2.457106196000042111e-02 4.282481354805475066e-02
4.752770105347293994e-02 -1.422535743513525172e-02 -2.067968187790556259e-02 -4.328723972306302431e-02 -3.501296806670216311e-02
-4.244378840929376520e-03 -1.331017762228770517e-02 4.588441515956583061e-02 6.703527786179419579e-02 -2.457096431455555591e-02
5.041855343260297911e-02 7.598238449331140218e-03 -2.908815351801482402e-02 4.536505415493913979e-02 -4.189876412821542939e-02
1.991507002886723152e-02 -7.308234013458758671e-02 -2.431023909907864197e-02 3.373667223558970280e-02 1.343826731522660030e-02
-2.424724873779360648e-02 3.495900084345775899e-02 7.575274237606062326e-03 8.154207733506854683e-02 -1.228351123701492027e-02
2.483140288812448956e-02 -8.769950386871858128e-02 1.331794075851074587e-02 -3.678775443818991381e-02 -4.398022006860510119e-02
-5.612665886066988200e-03 -5.294656155623640031e-02 -1.052134779518878842e-02 7.126159128408723897e-02 1.473549066780686055e-02
1.501117584253161205e-02 6.345996703553642877e-03 1.109556964536383833e-02 3.265516033615526587e-02 -3.912699268896121380e-02
1.799667633513778175e-02 -3.339117677682258700e-02 7.722000069426793178e-02 1.859079844752402344e-02 4.470621411644645077e-02
-4.216027488904620230e-02 2.168818143515962790e-02 -4.225364049126856258e-02 2.804155176410081437e-03 1.733855341366530647e-02
-9.603397806214370933e-03 -3.027264164901334945e-02 1.488892936682156137e-02 6.172024219261440514e-02 4.726272680195624243e-02
-5.123187911472125433e-02 -1.373237705939466154e-02 -2.108146964402229928e-02 7.908688455309541288e-02 1.567393829758582588e-02
-4.375130148537464264e-02 1.809130711647238907e-03 2.909404036651863298e-02 1.650081255175309125e-02 2.137868408534608286e-02
-2.547946155196426088e-02 5.115201053094514672e-02 4.869526060388797845e-02 -2.192052424867934821e-02 1.528513484601509362e-02
1.447600327185237512e-02 -7.364747935428475611e-02 2.305719298829597003e-02 1.534311666348029367e-02 -3.252692070715326039e-02
-2.352520979472695964e-02 -3.297079359242559293e-02 -3.071921491519696498e-02 3.692168420018435149e-02 -2.453261544784015452e-02
1.773974090051003150e-02 -1.098641187906493517e-02 4.332867709763747049e-02 -6.505309434231112964e-02 -1.423410597824669062e-02
5.085323127692479434e-02 9.945195749029819496e-03 -1.198099403659384776e-03 -3.831064377925470082e-02 2.088588955786439827e-02
-2.740878899181639280e-02 6.016242807503160983e-02 7.255124768958627623e-02 2.547655790709174584e-02 -3.470363126684496841e-02
4.757663484141120940e-03 -1.222354562248529480e-02 -2.192450297226760172e-02 -7.979046505635083164e-02 -6.572046890850070933e-02
2.288508986245202728e-02 1.654593198058363496e-02 5.754680627109236973e-02 -5.483933485959700121e-02 -2.727723413850931863e-03
-3.944028915417890219e-02 3.807059082666749972e-02 5.117530620101806704e-02 4.183426216157599270e-02 1.533671727305500540e-02
-3.178146949605936602e-03 2.921697015693961591e-02 6.117918053630461150e-02 -2.863388928521349783e-03 -3.660415588678917614e-02
4.221574269404837487e-02 3.819737553071064079e-02 3.378651607257208284e-02 6.454864434350426894e-02 -6.401356869102796388e-02
-1.742972092372312848e-02 -4.626537649219500392e-02 -4.434974678645340479e-02 -1.830498031091127090e-02 -2.760897934446456675e-02
1.283268591160373340e-02 -2.479877673557742343e-02 5.164290515067980480e-02 -7.695940919525478402e-03 4.818078498267291260e-02
7.284293677794850819e-02 -9.591423979992946824e-02 -2.093755332709657663e-02 2.989797290526495857e-03 -1.874083454985903813e-02
1.743786206418155779e-02 4.471688456471389211e-02 -7.319153187889157475e-02 -3.604474624141046357e-02 1.376855983348202264e-02
7.152134600285023347e-02 -3.542321906968470130e-02 3.950259098897178356e-02 -3.988623342875676631e-02 5.461784782093895979e-02
4.440432406300344470e-02 2.139616311928555035e-03 4.646988242286297782e-02 5.394023988461238428e-02 3.857797095021761602e-02
-3.344354778980327542e-02 3.026624626747111829e-02 1.344958987805235789e-02 1.625365837739702057e-02 2.089922530924911981e-02
-3.475073466616916684e-02 -3.874282939869585357e-02 -6.501923607376705605e-02 -1.532487749008597895e-03 -6.682292762063918312e-02
2.451929148835962566e-02 2.480141538317112010e-02 2.045624549150395349e-02 1.531503487895080444e-02 -5.611796119502910490e-02
1.481539872153402396e-02 4.149471770960014294e-02 -3.651444724948008254e-05 -2.364798343962908750e-02 1.845640665083138690e-02
-1.683512190579184581e-02 -8.789739643751131801e-03 6.065557751531840298e-03 -1.253306361389381132e-02 1.896418051906655772e-02
1.192407837465213165e-02 -3.810500386638636383e-02 1.640875575105767885e-03 -4.094709284987647219e-02 4.461915243227269207e-02
1.783374690081329650e-02 -3.003240698523168203e-02 -2.309635906146785198e-03 -1.578273808916481197e-02 -1.711480770035773286e-02
-1.404733635183325231e-02 -7.792326087949603963e-02 -4.042793406193059130e-02 3.365428313875538924e-02 1.144032414330359120e-02
-1.372336548108320751e-02 -2.541872337923089392e-02 -7.940997284772020187e-03 -9.819007576403108659e-03 -1.582316011653865304e-02
1.540581166569159575e-02 -3.896629605023974735e-02 5.717776805055339168e-02 4.881153069502471714e-02 1.720371818259631980e-02
-9.665475058215003542e-04 -4.907540160615669195e-02 1.116468599535564658e-03 -2.576451039566248716e-03 -3.586336723648727610e-03
-5.273735616249056180e-02 -5.374680684513828167e-03 3.478425454882897588e-02 2.195425458084221057e-02 -5.106943823330810373e-02
-1.084063140868123457e-02 -7.841634456209466142e-02 4.530098812783919793e-02 -2.871986715881258076e-02 -1.628303843595867162e-02
2.059424697754559316e-02 -3.809430666927657999e-02 4.129317759773911550e-02 7.359372921915146096e-03 -4.028423917555778305e-02
4.907218528780685207e-02 -5.974049627727134187e-02 5.730556146667134532e-02 -2.575221736930409424e-03 -7.583350386645011133e-03
1.878007234864970815e-02 7.982326016523369570e-04 -2.142427648109919772e-02 -2.199219359767142293e-02 4.711376160264212770e-02
-5.907535684280271898e-02 -6.757107534374456881e-02 -1.881891414950021078e-03 -2.016728267746902004e-02 4.683671327921447997e-02
4.595228296444581889e-02 -1.855871395151354256e-02 4.427945711292777947e-02 1.971631525832408249e-02 -1.446165175730556099e-02
3.232252116005867454e-02 -4.336592069444920178e-02 -4.555783770582837178e-02 -1.488115708514564303e-02 3.057084995104586249e-03
1.405293617881107036e-02 -4.099157150213564652e-03 1.761961523509293984e-02 1.474872777117961463e-02 -7.617765864436688850e-02
-2.211723738478713151e-03 -2.970043096507641450e-02 -3.143082087539335323e-02 -6.279376570264061375e-02 -2.860536965942236942e-02
-4.465617836475029717e-02 2.521668329047229568e-02 5.721228151582733422e-03 -4.363953106337983140e-02 -3.568743482134646705e-02
2.514315694615752109e-03 -5.877506815204473073e-02 1.278754786423928584e-03 2.458949676489667960e-02 -6.514484081360404077e-02
-1.018811093017530853e-02 -5.137997889542148672e-02 4.646292718242305692e-02 -3.097757805599161626e-02 2.051560061865288428e-02
-6.072735170853318237e-02 3.768134803325189769e-02 4.002372602967115695e-02 -1.146102100766791324e-02 -3.471025576952246894e-02
-5.281892569440692353e-02 -3.682195559135541252e-02 9.985458391813369083e-03 2.629841935669672073e-02 4.464774327074092983e-03
2.125673038023207992e-02 4.894209026953594277e-02 5.533204379187180860e-02 -1.341698001033899031e-02 4.956768353080148737e-02
-9.367869285690324718e-03 -5.659830188221105784e-02 -1.831987891325995849e-02 -3.900346034136611961e-02 -4.070666810833772215e-03
2.008019402975689052e-02 -5.373933184643611000e-02 2.546307342885779229e-02 1.320620118719919613e-02 -1.377243514847220456e-02
-1.736347885001468224e-03 3.341496489310712137e-02 7.495900388630460931e-02 1.778054329789713686e-02 -4.763779789337634768e-02
4.377082351417559830e-02 3.043566977314329097e-02 2.983873121596047201e-02 -8.462558468351444665e-03 -3.264241978745032607e-02
-5.356695015824122080e-02 -1.594003882650858045e-02 2.978893910145271121e-02 3.263221571024248896e-02 2.351015866535929866e-02
-1.087158398327573924e-02 2.451346787323899559e-02 4.971974561963535266e-03 1.036748916192297559e-02 3.783604195223917027e-02
-4.985252396497177885e-02 4.612362197283231130e-02 6.276789850242855962e-02 6.485718295798469091e-02 -6.652023811026191481e-03
6.718318067749459721e-03 -1.946936208859889952e-02 2.109223567240671882e-03 3.952853411741872464e-02 -2.405421736008360109e-02
-3.869966581445764137e-02 -1.283822327817957416e-02 -6.778066518409639474e-02 4.381183109433046952e-02 9.616046741931433880e-04
-2.558447869571114225e-02 -7.340565476139938872e-02 -4.646790752062181663e-04 2.357513550035133729e-02 1.543064645935364465e-02
-3.881806203168636921e-02 -1.131564893019792843e-02 -2.202249863196121659e-03 -1.565869567864675363e-02 -3.708374084038711105e-02
-5.674056307719628489e-02 1.705773778536512006e-02 2.523886255946481902e-02 7.240034502398409559e-03 -5.048621899247610068e-03
-9.429209280673990154e-03 -3.230914532373152515e-02 3.889305847040027547e-02 5.436024469000283466e-02 1.982774343316636573e-02
5.783783095345670922e-02 2.049984174814185878e-02 3.382853586515918026e-02 -1.119431575103817592e-02 3.862110783721432045e-02
-1.026773320554606045e-02 2.283632639891947091e-02 4.107680374713865157e-02 -4.733919028646969840e-02 2.595576088370499333e-03
-1.349785148248360510e-02 -3.854426713802405063e-02 -3.282148052878757633e-02 1.859238486577771687e-02 4.138311162355727546e-02
-1.493938447955360516e-02 -6.307518422016733430e-04 1.573695311726135485e-02 1.895167603579224480e-02 -4.424590339120504368e-02
8.210791198154215875e-02 -3.784818062169967995e-02 3.078441391450404546e-03 -1.069826138287557037e-03 7.270684003170857501e-02
1.227382353439872981e-01 -1.084308052748826461e-02 -1.737938936115302618e-02 1.594079565707067284e-02 4.077423292290174861e-03
-6.879957428502185557e-02 -9.560093241316253848e-03 4.960583892100035169e-02 -2.300246150956854890e-02 -5.880565320288943382e-02
2.189998640478082320e-02 -1.301282252185214944e-03 1.654320926131374811e-02 -5.311337980507889467e-03 -1.127621602293659708e-01
7.244230926128629455e-02 -1.109969377139160412e-02 2.252859089416383784e-02 -2.511099678929583356e-02 -1.106204066869334590e-02
-3.552122116879347091e-02 -5.239196566745515232e-02 -2.773367768898686147e-03 -1.961350369681427383e-02 1.485702504374666021e-02
7.856455247092276883e-02 2.456765155504897491e-02 2.364640453890064914e-02 -1.844048398201463337e-02 -1.315257947867385924e-01
-2.345557678747604846e-02 1.006765809053937304e-03 -3.414153774795123091e-03 -1.702966943674313546e-02 1.185490248644020632e-02
-3.216052916987522520e-02 9.117953537030170155e-03 3.293310585043256883e-02 1.214266447719437696e-02 -3.793126266832588106e-02
-5.215327914721814206e-04 -4.664429429272441002e-02 4.802927671612284427e-02 1.262538732062420781e-02 -4.251026782478813278e-03
3.867373721671060749e-02 2.640257099538785221e-03 2.197899648173218257e-02 1.374724957084545729e-02 -3.740224078267740705e-03
1.232074533254912466e-02 -1.949536519011017474e-02 1.410280718683172216e-02 7.736241790478870506e-02 -1.018894410491747934e-02
-2.828808268596222364e-02 -1.964978513527739640e-02 3.542681633083109155e-02 -2.859217360391215143e-02 5.473219231225303488e-02
3.015310299331189214e-02 -4.881702675932956398e-02 2.699225134044395957e-02 2.589155849904834286e-02 3.409574409086412600e-02
-1.394818143220448448e-02 -3.469802476290927140e-02 -6.223838883226885492e-03 5.060318747190095667e-02 -7.175251568360717369e-02
-1.521231457683660387e-02 9.219918961926797107e-02 4.385010170441446670e-02 -9.727026242847509191e-03 2.430926413548238976e-02
1.995670107821540321e-02 7.731943438724904472e-02 -2.144254254433206747e-02 3.232164928069718168e-02 1.669218386159347645e-02
-2.939847821580618848e-03 6.407431409644828713e-02 1.825885474865904939e-02 1.895220629363641995e-02 1.304850589195291795e-02
7.923500471406046131e-02 -1.356928503405229955e-02 9.590088980686467882e-03 4.912304300130063833e-02 -8.639818269918426996e-02
2.073676613346861833e-02 -3.192632398354845052e-02 6.622056879309908169e-03 5.556802116319210783e-02 -3.524112617026111532e-02
-3.741679680638062416e-02 3.336081099303368769e-02 3.925634602776132548e-02 -2.347938715500503745e-02 -2.865328568401174364e-02
-3.530705988904261298e-03 -6.833012148610342201e-03 1.189227649687286600e-02 8.487734027954077498e-02 -9.485555759587618180e-03
1.390639704737985094e-02 5.340654103555353416e-02 5.924361689755703458e-02 -7.414853032505257929e-03 -3.387714284408849946e-02
8.472187244844377185e-02 -3.639971852395261498e-02 -1.558824524634069147e-02 -3.198525683542813997e-02 3.381734923963097827e-02
-5.641363882888389414e-02 -4.940654757218601589e-02 3.910047913238760831e-02 1.759359511408136595e-02 6.490465027797232347e-03
-2.559146774973039898e-02 1.653768832648739358e-03 -3.770939800310112167e-02 9.434951223832688250e-02 -1.315947540137521986e-02
-1.897031915457706233e-02 1.149101940019654072e-02 5.571424650991205207e-02 2.991195441413381853e-03 2.580528708895283522e-03
-3.920022749613584490e-02 6.359923514927368939e-03 -8.150898717108286118e-03 1.548936632001761578e-02 -4.542464432161871790e-02
-6.544057574938383359e-02 -2.163771623850988327e-02 3.027957838751568417e-02 -2.393905825572949231e-02 -4.083123129234742660e-02
-4.773468634288063200e-02 1.031980168410417259e-02 2.509707048362420229e-02 3.359277920937768502e-02 -1.215220777691092789e-02
-1.665835628202302909e-02 -1.486637572458569811e-02 -1.507490931329408951e-02 -1.104608650859796072e-02 4.124335390642271809e-03
7.864512370273369843e-03 9.574228586216416287e-03 -3.170127494325163803e-02 7.029577866419290007e-03 8.153367275608480388e-03
3.535126136516437284e-02 -2.229679290254854909e-02 4.786967528619476969e-02 1.958728058293470256e-02 -3.099421330024575497e-02
-3.475653915925637407e-03 -4.217025703211926130e-02 1.422766587967531568e-02 -1.392361102176494295e-02 3.161789190695829532e-02
-1.645173175130688892e-02 -4.466109152525039178e-02 1.535233216540986441e-02 -4.939170963153185351e-02 -4.320261520812167244e-02
-5.354954308652280087e-02 -6.429223656640680601e-03 -1.701587604072811802e-02 -6.612185842609480391e-02 -2.076961534921907548e-02
2.668387149225539406e-02 -4.067591717992431744e-02 -1.719405877681380720e-03 1.044638432605830662e-02 4.681181704817817535e-02
-6.992446701347557539e-03 -3.247000184944515838e-02 -3.620500443407654451e-02 2.864335796668482370e-02 -6.084867764801325449e-03
-2.666815799584725671e-02 1.614332925072956004e-02 1.635879801627069738e-02 -3.557149106881257739e-02 -3.713241028809325522e-02
4.561755201339680321e-02 -1.535023552696673614e-02 8.074365826616676511e-02 -2.125384269762706224e-02 -4.443825942626634246e-02
-3.450024378668089392e-02 -4.228687912788159364e-02 -3.256948146505895397e-02 2.646351120892524375e-02 -2.751479813890601520e-02
3.801163204244097961e-03 1.344712238803724182e-02 6.628654438067861643e-02 6.552300649341108452e-02 2.919842557243932865e-02
4.989002540205910580e-03 -1.752716569205028897e-03 3.192889026317195095e-02 2.192752784383539266e-02 -4.347919750795155303e-02
5.017759748010304499e-02 -9.909587328772765172e-03 3.779628235009319798e-02 1.783415250300043539e-02 4.140703292333766661e-02
-4.553857046652511759e-02 -1.500036976767136349e-02 2.466798023933416961e-02 3.244722125483305575e-02 1.850447853048514321e-02
3.463326438148387441e-03 1.338452336617178447e-02 2.892907621722388273e-02 2.710023614192632463e-02 -2.663484027194635249e-03
2.546218725887646264e-03 -6.960236904981435824e-02 -1.193450214063079655e-02 4.831844034110405889e-02 -2.549577430125197098e-03
1.342825114283599519e-02 -3.118207568767887225e-02 4.028819607148226983e-02 1.843406835294564977e-02 -5.194431221695203910e-02
-3.506375217735489824e-02 -2.708976491152065291e-02 -3.475984490373607710e-02 -2.554158930206304121e-02 -2.589772698659936062e-02
1.465931394148721999e-02 -5.839769054854271335e-02 -4.374546985365962426e-02 1.103140826565436258e-02 -3.408370391634573532e-02
2.930524174491325531e-02 -3.323593183320543154e-02 5.156331521146447633e-02 2.686551775904268136e-02 -3.925591016059907373e-02
3.112836880859318547e-02 -2.931362239400756020e-02 4.814289073621928067e-02 2.254642193198166944e-02 -5.537376467429168392e-03
-4.821739696335239356e-02 -4.895078638995595255e-02 6.563983737004977503e-02 -2.100056408042093661e-02 -2.119365757121966648e-02
8.414319433824899526e-05 -2.928733343028129890e-02 -6.453575693677310321e-02 1.271013960800167274e-04 -3.729363872236066135e-02
8.083878940961887472e-02 2.819484790252245812e-02 8.131783890477897736e-02 -2.460161470682720175e-02 2.803678966880336198e-03
-1.816343833738700035e-03 -3.764197565166851889e-02 2.564384241435703829e-02 5.835704396935295635e-02 -1.845842648627806296e-02
-7.113845288088528618e-02 2.267804144466066887e-02 5.974496660389248814e-02 7.351111768942612812e-02 7.877770860516011830e-03
3.723358898245217319e-02 2.059482372564234651e-02 1.069877170428120729e-02 4.326728542092340285e-02 -1.444940363184041895e-03
-3.671453266565462281e-02 -6.896352353583566630e-03 1.454408263755606681e-02 4.320887555676165837e-02 -2.511058501215385208e-03
-3.476411714838308076e-02 1.420848305843240567e-02 1.569869390685879693e-03 -4.262092423038067734e-02 4.586370694461108788e-02
-4.996419875917480075e-02 -7.439646043960589789e-03 1.334616754826703500e-02 2.117283014716684481e-02 4.040661736353265768e-03
-2.013709877031480758e-02 1.543156795551144968e-02 -2.065795928821263436e-02 7.863784801550277939e-03 2.704150715110216052e-03
-2.057491220001639570e-03 -4.010392524396950986e-03 5.013347349341897713e-02 -7.460259065423439570e-03 -4.256168338688086361e-02
4.236610304558478812e-02 -2.886526183234324264e-02 -4.460499472780514972e-03 1.852613266486695734e-02 2.661726312372929629e-02
3.991678789440757102e-02 -6.927783036831139385e-02 -4.467165317688705922e-02 2.008111682862612213e-02 2.437255679408231387e-02
5.614782382187734344e-02 -2.143556380244733897e-02 -7.893529090283499250e-03 -2.307194714795911261e-02 1.880955429742441759e-02
-2.452662665011814958e-02 3.735362074564189255e-02 5.335835552144257282e-02 6.436866614644530873e-03 -2.186514176173626200e-02
3.473013657300540874e-02 9.723681935514367006e-03 -1.007453602123994495e-03 -1.870452685019817832e-02 6.351704964563044398e-02
6.926950459352745892e-02 4.185643520381645416e-02 5.583664680834398743e-03 2.460345461612594223e-02 -3.891294601816348148e-02
1.425577895994351897e-02 1.728970125160040824e-02 7.193514144000477673e-02 3.551610203298738704e-03 -2.926927905644036501e-02
-1.709535810404212014e-02 1.838080168065805813e-03 2.318579403641841258e-02 -2.160472089345456814e-02 -1.115296615738057932e-02
5.085650889475558378e-02 -7.221861382001792951e-02 -1.463301362038567192e-02 -3.356597752398631646e-02 2.962939469766021766e-02
1.587750191726671617e-02 2.307580454711125398e-02 2.236012115461319047e-02 6.058728577008311994e-02 -4.905007344877896497e-02
5.475114335691556693e-03 -5.064766263600184275e-03 2.462006634967756763e-02 -6.641596959316544216e-04 -1.937126109292194517e-02
3.506197863091884814e-03 3.173774233405454726e-02 8.404335921016760358e-02 -3.295786149174481650e-02 4.307805158211602120e-02
2.116519468133507345e-02 2.520959703284486597e-02 5.463101355710100332e-02 -1.729510646700050183e-02 -3.308532818035712832e-03
6.308126420885767915e-02 -1.041467816804263723e-02 4.438764573367749711e-02 1.475956694691812378e-02 -2.246062783820514108e-02
3.101453754686692155e-02 -2.888367808222161437e-02 5.075289086114519177e-02 1.877268850614745646e-02 -7.302800089650070270e-03
-2.599017645066120652e-02 5.505152097183479282e-03 -1.773406691410776143e-02 5.049531503634476642e-02 4.689772298760813002e-03
-5.029643914917270075e-04 2.162968835837540335e-02 6.581444051299877029e-02 1.147133386358582981e-02 1.086547170895191608e-02
-1.727415220036747703e-02 -3.423078242108173325e-02 -7.645062467699728116e-04 -8.196627722353442419e-03 -2.652958420942483353e-02
6.053971312566233665e-02 -6.720367769129473312e-02 5.706523743163841034e-03 -3.914660363381018346e-03 -2.555407073535184009e-02
-7.347121681135539975e-04 5.110085894590234677e-03 4.272902689482807603e-02 -2.689163849310732476e-02 -3.588133693609039249e-02
-3.300671524565501093e-03 -2.306287113314028567e-02 1.376527170204561341e-02 -9.952548843422566460e-03 -3.594885972211022546e-02
6.925797795067384355e-02 4.014761740514817545e-02 -6.864173762127223632e-02 4.119409485129768567e-02 -7.064554980893712754e-02
7.753648416103235685e-02 -5.295931510110536526e-03 -3.464228403829407599e-03 -2.580375463338336131e-02 9.346693967381669230e-03
-1.268370119735195110e-02 -1.202458316711315089e-01 -5.076652547941083726e-02 -9.986890337006894616e-03 2.895883471047469224e-02
-1.344610600131112763e-03 -6.669360344379222233e-03 -5.584292413642335390e-02 -1.425698804494354363e-03 1.311718189269923604e-02
-2.096281587146476763e-02 2.747925720042307483e-03 -1.646257241564896053e-03 2.699772057357711225e-02 2.613679372265234266e-02
-1.911500304200232370e-02 1.275112961353664330e-02 5.006444219742992724e-02 2.178745515530994270e-02 -9.648236556124362628e-04
-3.863936310162565529e-02 -1.765744988882537309e-02 -1.456364636123458518e-02 -5.102241133116264260e-02 4.754584698059438619e-02
-7.634550488792885004e-02 3.976658672402406253e-02 3.636523132837977956e-02 2.045759262975845386e-02 5.945509168030167074e-02
7.797525318632567842e-03 -1.008941153595884627e-02 5.707727213079320794e-02 -2.849076979612312835e-02 1.012968295110050314e-02
-8.291530548294000560e-03 4.247626030364259203e-02 2.285268289034224354e-02 6.453796476792711401e-02 4.269550562685700545e-02
5.532527607493579330e-02 1.270756765998140234e-02 -2.723924755590842808e-02 -6.772101105295932899e-02 4.352989179262860449e-03
-3.506282837879333425e-02 -4.624403496347054970e-02 2.565557447002478342e-02 4.425221846225601413e-02 2.821411025504526326e-02
-3.499690417679824500e-03 -2.840652033187198236e-02 5.975029709796386701e-02 3.546912273371016777e-02 -2.584781067116948342e-02
-5.062181831542411636e-02 8.703247856698388338e-03 1.224756260182968161e-02 4.823096104096306035e-03 1.267564934363449129e-03
-1.004974395779574883e-02 -4.553103371670469759e-03 -3.158243399150939545e-02 1.619826204550588872e-02 -3.741727971136937086e-02
-6.877548979222807696e-03 -8.153986807007371218e-02 3.119937406543477412e-02 -2.198715311971101080e-02 2.945019255636193919e-02
1.204682547367481871e-02 9.581238429010680044e-08 -3.889347459187560401e-03 7.422646058267754095e-03 -1.905942470337579353e-02
-6.497788316136057785e-02 5.319576113418840631e-03 4.585630156322730716e-02 -2.941503949277318036e-03 9.147158501028550270e-02
-2.859992296907138201e-02 -1.354474506776984395e-02 6.269263684631751210e-02 -1.494927650849005828e-02 5.455235560190999783e-02
-2.089189012222864624e-03 -4.086560767314585500e-03 5.350902295475070888e-03 3.537245373662250419e-02 5.847657600483446155e-02
-2.274231827891378538e-02 -7.950032177715037063e-02 6.970835557779163881e-03 1.696875151975020535e-02 -1.965445677399157987e-02
-1.045130242411528021e-02 -1.220594927903325723e-02 -1.842019885594843587e-02 -1.859060964270265945e-02 -2.704428195626521619e-02
1.639592104976079351e-02 3.925632802338471783e-02 -3.910368670373208511e-02 4.974411281525432243e-02 -2.364577131438886856e-02
2.004201549452454961e-02 -2.440973905667495961e-02 -8.034484180374999382e-03 1.484175392439011226e-02 1.583404851382387221e-02
6.094290264995612730e-03 1.287853163967051136e-02 -1.307861275762678931e-02 -1.109157217910174652e-02 3.696029873857167858e-02
-3.417657954531873842e-03 -3.330134990371087789e-02 5.243185734357211358e-02 -1.374999869381801978e-02 7.766895122183907485e-02
5.858073646428227366e-02 -5.770318585736199102e-03 -2.290297145840285847e-02 4.564656514655727332e-02 1.648815810917117486e-02
-4.207286139110900242e-02 -6.835270198263493358e-02 3.776914164288577673e-03 3.223453132230603979e-02 -1.763234687690057312e-02
4.198624649098428585e-02 -1.250239699856518089e-02 3.415315157408673613e-02 -3.051769840187613936e-02 -6.437712531135653116e-02
-3.796455007038269935e-02 -8.906176828462160008e-03 2.447163143524174952e-02 -2.558146297646280223e-02 1.342637797864313677e-02
7.562525560872693231e-02 -1.343281963872483336e-03 -1.972454979682478418e-02 3.220361663823953502e-02 5.491200247319324990e-02
-2.842173833303589248e-02 2.232274622633013961e-02 2.241269034530410723e-02 -2.275031223519278709e-02 -2.029570689773652764e-02
-8.457322759719179683e-03 -4.952986730484301887e-03 3.177800634092963622e-02 -6.114214105222559592e-02 -1.837842565888582816e-02
-2.231123922496982062e-02 5.003031500497121670e-02 4.706169822591352303e-02 4.208544757420704867e-04 6.092655086151291602e-03
-4.770438434456431009e-02 -6.015187239076918817e-03 2.616797064064116732e-02 -1.421945917772521675e-02 -1.932666098580364256e-02
6.027083327361772852e-02 -2.014770875763739061e-02 4.492286172509307035e-03 9.270195254534503715e-02 -1.436231593572584453e-02
-5.761361991319708525e-02 -1.091048329327315436e-02 -2.241634864994277582e-02 -2.151402710879040184e-02 -3.976781420984733598e-03
-3.944154421802679306e-02 2.230925913432943355e-03 -3.259765028718519114e-02 1.472627281935404847e-02 -3.163721058790883167e-02
-1.420077486073209605e-02 -3.335998359574447736e-02 4.128256413916191886e-02 -1.746079229542199518e-02 3.518655512565922738e-02
2.448878862961192254e-02 -4.577938725136164455e-02 -2.194302797761119375e-02 5.290770875276382817e-03 2.116299241831525249e-02
2.240991660681516777e-03 -2.175914590002464566e-02 5.474778555906214747e-03 2.115511205099880609e-02 -3.087929687241163651e-02
-4.393875735898717522e-02 1.242982608147221585e-02 4.089710131810065513e-02 3.741029261076685153e-02 -1.039061733129622786e-02
5.565456548593160357e-03 -3.965489492004202129e-03 2.052323869237032607e-03 -2.114160291840964934e-02 -4.696465608875970837e-02
2.891317062541124208e-02 -5.872443956467659348e-02 4.456230676844801820e-03 -2.812527951266452497e-02 2.194530387746699077e-02
3.493506178798443107e-02 -1.206208346454960660e-02 -3.376210179191160843e-02 1.746270487971468902e-02 -3.972792891335156368e-02
1.111859010368041259e-02 -1.732491610404668023e-02 -1.647239958215530528e-02 7.610855100089154723e-02 1.206676095952356406e-02
4.531485143233243001e-02 -6.900061294981878202e-02 -2.714803563755937427e-02 2.255626538932324621e-02 3.404977522760597314e-02
1.044615331077250291e-02 -8.695186789338447617e-03 3.118427802448975328e-02 -6.224738893388161685e-03 5.944113098085915953e-02
6.251785489621793090e-02 -5.445423117585036082e-02 2.913604542320358606e-02 2.311333849313800329e-02 -7.556129543353207190e-02
-1.383616131063339708e-03 -6.063009414615255777e-02 5.671507966334576878e-02 1.342047634125998314e-03 6.116616354343901857e-02
-3.844844980686466102e-02 -3.872291960571705438e-02 1.658545912249817511e-02 -1.513405075700303276e-02 -2.283930708923408680e-03
-5.248064050707969275e-02 -2.965783064127748905e-02 -2.147842301579885871e-02 3.485929258748943910e-02 3.002360941528680119e-02
3.410329691107368694e-02 -3.059453624119226611e-02 8.504691493174926231e-02 2.083150315080441878e-02 5.313435875624140242e-02
-8.693047505129770230e-03 3.938775407523099209e-02 1.586735493575708658e-03 -1.247601137865334345e-02 5.780706613811426031e-02
-3.212007584850961467e-02 1.747145744650370133e-02 3.902928297575679328e-02 3.924948136077367061e-02 5.337866227397375374e-03
-5.489261866182503641e-02 -4.276846762811094271e-02 -7.546372110381249255e-03 -7.043666118624747341e-02 5.551552160388769502e-03
-5.012305253149318407e-02 -1.429925559969220418e-02 -5.647626227339346341e-03 -2.535019513948602241e-02 4.542595947177995724e-02
-8.903092720088351397e-03 -7.663446353879804773e-02 -1.883030730782795162e-02 -2.170729285510944462e-02 1.950277311088051760e-02
-4.864932242942607982e-02 1.659067098880833563e-02 3.357189153375732260e-02 8.023127801116378133e-02 -3.529356598719006477e-02
2.081319171495898263e-02 -3.643672095217223572e-02 -2.460544913245434409e-02 1.429872591840340192e-02 -2.311159699140484872e-02
-3.260609869267065697e-02 -1.196899384311296034e-02 -3.428790103710170623e-02 3.692881649666816118e-02 2.229964745989548858e-03
1.477402542363225740e-02 -1.968467002964964171e-02 3.025245907507496598e-02 -2.697763253862461158e-03 1.048678107761754318e-02
1.636671914451217485e-02 2.859553223152420942e-02 2.359556254452554319e-02 1.257623211166275859e-02 1.753803220562961604e-02
6.352430377362137948e-02 3.067025184049990486e-02 9.514049621591415262e-02 1.026034958996342727e-02 -2.219423267496878002e-02
-1.966607170552915097e-03 4.242794343371815435e-02 3.229458609344517707e-03 5.065825792587701909e-02 3.959819549155797758e-02
6.021428750316901168e-02 -2.523408300385740141e-02 1.310152431561283776e-02 -1.776035931010132296e-03 -5.820691264651190605e-02
3.261048474667108121e-02 9.720828297083046465e-02 7.146580635831063788e-02 2.228511644861386545e-02 2.265675018977756153e-02
4.980210535836405994e-02 3.944953576096447978e-02 4.271591849724499373e-02 7.761531585751480639e-03 -1.674364656295676199e-02
4.248837173358696422e-03 -5.708784153764844688e-02 -5.689228596390089824e-04 -3.543269950516090682e-03 1.605337390265582781e-02
2.061471782314119178e-02 7.204893749504871769e-02 -2.006992664135032536e-02 4.914643758275583606e-03 4.272922513658786170e-02
-2.537815980958712386e-02 -2.921877161973372022e-02 3.671359111479228360e-02 4.317280719275744943e-02 -3.988922427879505739e-02
3.422684479854577744e-02 8.600990096724192222e-03 2.498916142627151740e-02 -3.153604826105011610e-02 -3.529800085916461050e-02
2.068627006191385218e-02 -2.376767278077750872e-02 2.137359274806097456e-02 -3.146351858356380427e-02 7.438551540446995680e-02
-1.045764265413304424e-02 -4.540050231991078072e-02 8.238355841122379369e-03 5.910420182178495463e-02 -3.444976531197595226e-02
-6.423586613931311917e-02 1.803981361053429155e-02 3.320528597369192675e-02 6.890211131426351998e-02 3.422679756184539290e-02
4.707253011908242579e-02 -3.396587630137563180e-02 -3.083447518841165354e-03 -1.031154853551536146e-02 5.211289730566158462e-02
1.013495620614750063e-02 -5.802150682112739571e-02 -1.780124036582712496e-02 -5.270580451189958195e-03 -3.680997762035878584e-02
-5.360213212349040218e-02 -1.515631107930751932e-02 1.052571141697337953e-02 2.855472956471676732e-02 -2.249886721471508824e-02
-1.251683886802765384e-02 -3.051640438346079481e-02 -7.578845774385420397e-02 2.163333745741861588e-02 5.740772429050986642e-02
-1.430252412315058744e-02 -2.735537825088086086e-02 3.809226921303685010e-03 -3.523303122196674853e-03 -2.296391187355830213e-02
3.312967589293542431e-02 1.159895138742276979e-03 7.062543582599407899e-02 4.722060541345672602e-02 1.939755473466745275e-02
4.114052746619643181e-02 -6.266248361575080294e-04 8.598415157559563538e-02 -6.599609301193180844e-02 -4.673680900687390144e-02
3.175879719433257614e-02 -1.175041066859256605e-02 9.947622859312152399e-03 -1.214985573703261830e-02 3.224425547580207080e-02
-5.027670179256918045e-03 -8.202155386365856879e-03 -4.864722628294287227e-02 -5.083690141684772679e-02 -1.715674970717854988e-03
-2.961112450597201684e-02 -5.475420449366229280e-04 4.223742933018261037e-02 -3.845050377372729450e-02 2.516607284529957800e-02
-1.721528740953373951e-02 -2.878976828445337088e-02 3.413737270684723962e-02 7.481580520952788027e-02 -5.465284285793322455e-02
1.946047342753170258e-03 -5.742638560738513170e-02 -4.209941328095166690e-02 -3.154275814597625599e-02 9.691501407265053214e-02
-1.001309847806852379e-02 -1.584667390031035961e-02 1.052547986728764022e-04 8.611278120527611490e-02 2.969216073914478921e-02
-2.488103864075339594e-02 1.669453055187113469e-02 5.488772647910969416e-02 -2.578168215383943793e-03 2.313049484230043570e-02
-5.984178934565953858e-03 -2.722483689471892621e-02 2.202723574721042465e-02 3.208954172749273193e-02 4.532322880129660558e-02
2.832170919147427787e-02 -2.131537243935547471e-02 7.590607538431508317e-02 2.142737966949382830e-02 1.122718479501849664e-02
-1.792830712606073573e-02 1.121522429321215007e-02 2.596877302291843940e-03 -4.801689311504311539e-03 2.814979612988791069e-02
-3.622692936415916978e-04 6.399602472598661489e-03 -4.525109354337648014e-03 -1.863847223075995943e-02 -1.638148275621631933e-03
-2.296689454344113743e-02 -1.678513586603332108e-02 -1.340016496916824132e-02 -2.787572804394807674e-02 -4.579190504365444891e-02
-2.134811914476571551e-02 -2.864108828891656980e-02 3.151985744941874622e-03 -8.731230940432554294e-03 1.892020923543186878e-02
-3.271425087304676016e-02 -8.480009797118196260e-03 2.364867993490891648e-02 -3.199545681366860322e-02 3.222686266476079697e-02
-4.320143949749182324e-03 -3.626855116491467090e-03 -8.834984603453555074e-03 -4.759686677122889481e-02 -4.155297990498395266e-02
-7.155764605648581855e-02 5.472067390802331371e-02 6.939001741891420716e-02 -4.385496169604968797e-02 9.632778098382930101e-03
5.944726376249583055e-02 -1.092029349008336730e-02 -2.056493821658236798e-02 1.275983773261508795e-02 -2.924677079928161491e-02
-5.256567513809889784e-03 -4.407290279835025110e-02 -3.834226275903854925e-02 3.763105239395846818e-02 2.769768592095436799e-02
-1.849353415610667864e-02 -4.159525497049727620e-04 -6.518040952954408385e-02 1.234771542922364490e-02 2.736340865573605452e-02
-1.046751677830045843e-02 -5.028331919953145379e-02 6.361172242031476465e-02 -4.604040502208858049e-02 1.422211433548303122e-02
2.133191795725679005e-02 -5.675906421373253874e-04 -2.200068964411368636e-02 2.937153782397569548e-03 -5.019667168259744905e-02
-6.278650181205461256e-02 -3.149697291417507400e-02 2.598979405188186695e-02 4.449185454780055921e-02 -2.102448561036805372e-02
-2.727536922362479993e-02 3.598056907468661497e-02 -4.191008927830449163e-03 -6.066806152925442730e-02 -3.268363827792040988e-02
7.665106235001802396e-03 -1.283531903291749467e-02 -2.649052484264477481e-02 3.116964241727044824e-02 -1.380569158620652617e-02
7.289745057137314577e-02 -3.174484362610139471e-02 1.114079412172007920e-02 -3.756886125542960222e-03 -3.612599000070600141e-02
1.258594471209969860e-02 -5.487336705031180782e-03 6.860844552406149266e-02 1.169320118636068238e-02 -4.230190714897585566e-03
2.522291666162405910e-02 -5.627820877817898623e-03 1.117416229929058848e-02 -2.039844801616653297e-02 1.519399321308632055e-02
-6.747871335684744662e-03 8.056428140136233373e-03 -5.366297596372442136e-02 -3.526441729244769036e-02 1.548709484544461869e-02
-2.092431326424252711e-02 -1.812648932625338799e-02 3.558794786680374161e-03 2.461944829335643847e-02 3.327308489111705653e-02
-4.440586540632149304e-02 3.384460478985738818e-03 6.984068263637645269e-02 2.863267794872730379e-02 1.145600007356490681e-02
-6.193268045629024554e-02 2.961420567746348917e-02 5.632380558417447031e-03 1.099310029756985461e-02 -2.561520177610994431e-02
5.791894484496376561e-02 -6.309637753702529439e-02 -2.839970165280424411e-02 3.429516099072221075e-02 -4.043341670101645302e-02
4.259217046006080754e-02 2.438499897841274813e-02 -1.218572351462697372e-02 5.075471642653552051e-02 1.795289531028184142e-03
-2.023383947078057077e-02 -2.509969286228375118e-02 3.939324901362500908e-02 -2.456917075211092344e-02 -6.358257583774699906e-02
3.220362444987599077e-02 -5.259845153377353671e-02 3.864549207780920703e-02 -3.753345467863954121e-02 -1.372398087147838272e-02
-1.661781147137253792e-02 -4.514644307543004553e-02 2.142558430935945571e-02 1.110171031060841300e-02 4.256631404336817109e-02
2.324528570285982684e-02 2.074709497568451300e-02 -3.552329481659930160e-03 2.703161328621650136e-02 -8.290059523816871445e-02
-6.163422592994794585e-02 1.122429940021942886e-02 -2.823836181506331894e-02 6.099886846892157294e-02 -1.098225559701754978e-03
-2.344527889383380553e-02 7.731409272683102511e-03 1.864143233658946755e-02 5.889926201249509607e-02 3.767485735857679929e-02
-2.513071780070198075e-02 1.731583557414015373e-02 1.149451621733831551e-02 1.412670206799812719e-03 -2.637633264054034532e-02
3.632954569499745323e-02 -2.133951396678587450e-02 5.946041014565237037e-02 -9.647141722707100464e-03 4.253210272007867943e-02
-2.884022553187278598e-02 -2.041645662591054858e-02 1.189510181998207003e-02 -4.134895840111485477e-02 5.565437978658086329e-03
1.498600796099508643e-02 -4.698059899377597659e-02 1.362557353680612059e-02 -4.441848049158218098e-02 -1.641402784347409426e-03
-4.395436519346881954e-02 -6.826766979323264928e-02 2.527533082573521842e-02 -3.026769952101509772e-02 4.184562484490581685e-02
-1.361435339220374435e-02 -1.237313591318616769e-02 -3.637674015175533515e-02 3.160679556715013938e-02 -2.357086677067849259e-02
2.754326559517066009e-02 -1.744140738108101996e-02 1.990788316079711295e-02 -3.679651773056768355e-02 1.101628020822870667e-02
1.873272643388521064e-02 -3.602758802985975284e-02 5.136192193020604896e-02 -9.717022291965944636e-02 3.761818787640773543e-02
3.559815377288938487e-02 -2.724472882835368356e-02 -8.712112357817642207e-04 6.238538156356129155e-02 5.109516520488205198e-03
5.282078591657801692e-02 -5.023001200828866586e-02 3.633602848571063082e-02 -4.955010463560129835e-02 -6.520920573414223931e-02
-1.906208637843197218e-02 -3.350389326309008431e-02 -1.163905911204438266e-02 -2.417509545666316623e-02 -1.296199977784827546e-02
-5.875755279029311329e-02 5.788799121244604662e-02 3.342091589260619972e-02 -1.315558211704374522e-02 3.448776175499119329e-02
-2.476400403454289550e-02 -1.642329699000991128e-02 2.356256549408592554e-02 -6.720351459007528443e-03 -3.147376347354148562e-02
3.705207941091291646e-02 3.344069121745358013e-03 -8.120238909009067779e-03 -4.779764127756928188e-02 6.425081608991805573e-04
-7.325301186249438823e-03 -1.465994562091576907e-02 -2.000906925302084471e-02 6.763687444088607725e-02 8.900392840936159275e-03
-1.816292022504427048e-02 -5.974117068480555570e-02 -3.575578048972237986e-03 -2.372090112857634311e-02 -1.946010583607407987e-02
7.262430830786757718e-02 -7.379661145317005858e-03 1.452770644673278405e-02 -4.707381216411987007e-02 -1.476489639701499337e-02
1.609309838090453764e-03 2.062947057833656572e-03 5.572457418653646750e-03 -8.951054242405413405e-03 6.423510924385827936e-02
-2.907585830232832166e-02 -2.651245341653900040e-03 3.345595688162559308e-03 -3.259039550597956497e-02 -6.501780491137629236e-02
-3.451792501921847889e-02 -2.764367550564912970e-02 1.845893213897801741e-02 -7.121644884242455190e-03 1.705322418044952172e-03
6.007346262243929563e-02 -3.285606111783882788e-02 7.582326574017887386e-03 -4.251076358622017833e-03 -2.808124412737611139e-02
5.291063970870096833e-02 -2.829805953917252301e-02 -1.382904316369933800e-02 -8.112206856739061916e-03 -5.037138293966775954e-02
-5.440622726699600314e-02 5.176177830697922463e-03 9.020334023474733953e-02 2.816970049840418835e-02 1.042791839931383503e-02
4.294455968449668176e-02 6.685558005519543455e-03 2.330890479264942795e-03 6.064303461916133176e-02 2.719043356895132352e-02
-3.421611635007448804e-02 4.434735718276801991e-02 -9.419732440727108559e-04 4.469766519254678855e-02 -1.334650043784876925e-03
4.436794347317602610e-02 -4.734002673318751103e-02 -5.955699147546053562e-03 1.768452106674637050e-02 -1.368981207532051457e-02
-7.909322353483656809e-02 -5.947739370575416684e-02 1.592034169520201853e-02 8.298043770480363060e-04 -6.032839963979080150e-02
-3.813720964632461713e-02 -5.352419898546896537e-02 1.036775322728404310e-03 1.518610175760170752e-02 -1.376458088194796681e-04
3.069942733338118859e-02 -5.806837409899875783e-03 1.488106704875541246e-02 2.618135775365651799e-02 2.393910938931019874e-02
-4.073760209691255907e-02 -7.433742072052876293e-02 3.335569112485445992e-02 -9.226354254418480186e-03 3.885627423303132655e-02
-6.090721227818436667e-02 1.333101630578858304e-02 7.309656224109863099e-02 3.061887180346229559e-02 4.198500756258782135e-02
-2.029922099158953594e-02 3.976134620722587137e-02 8.235103654023115524e-04 5.219762449711442404e-02 2.223953546097194242e-02
2.392744321524675061e-02 -1.308592431795043386e-02 -2.759944798969570651e-02 -7.071891277796610309e-02 -4.787028310327463843e-02
6.299115276336200719e-02 -2.070145022474637400e-02 2.965737349858047628e-02 -1.655747699176355475e-02 -5.361933007672712442e-02
-2.224413497985633023e-02 -1.591541487849819358e-02 1.475742707596813981e-02 5.619179239978232786e-03 -8.674537753718875033e-02
2.460758516877006169e-02 5.346435268979656680e-02 2.401612487796799672e-02 4.293442998002036659e-02 5.090386148907839747e-03
5.258743722346410909e-02 8.858135453977867071e-03 -5.419309769568809304e-02 1.368802428093298176e-02 1.062881120206658585e-02
1.151922304881449269e-02 -4.850103864153310074e-02 3.502865317899767073e-02 -2.414172702562324482e-02 7.089447852978608688e-02
-7.875124279289847599e-04 -4.748204299185380950e-02 3.492412592603404836e-02 2.648628038418203781e-02 1.577728733729533150e-02
-4.075675727333545779e-03 5.220450392155935072e-03 2.608278931275904294e-02 2.836086761480231117e-02 -4.035487234812528551e-02
5.205737338936002739e-02 1.075122257866030322e-02 3.609155008719597962e-02 4.285743557676866683e-02 -2.158908755869473964e-02
-3.788527323303857858e-02 -3.867468319034802256e-03 -4.762606084485770247e-02 4.314933634544639018e-02 2.262570496724752162e-02
1.472485606313875782e-02 -2.149204172605889002e-02 2.721370172099760870e-02 -6.053223629263458638e-02 4.236783014930151775e-02
-1.884021927499832626e-03 -2.056293936002734704e-02 5.189658864899431012e-02 8.155965068268325934e-04 -3.354557105062908745e-02
-1.253794879407139212e-02 -2.186885485709198426e-02 5.960589396725439471e-02 7.836867090174445827e-02 3.376201069897976498e-02
-2.589199010896785572e-02 -7.850952959740089068e-03 1.647256357657767706e-02 3.621957268340975783e-02 -1.402291116752842938e-02
1.244718819809385217e-03 -8.546575006687187614e-02 2.373914019099480563e-02 2.842598148594396856e-02 -4.434845303261137489e-02
2.207679655867486601e-02 -4.605896564816747141e-03 2.795547232932424006e-02 -1.324665225978787289e-02 -1.457123649550662661e-02
-1.645521797665460643e-03 -3.378330871414486625e-02 4.994598854337344018e-02 5.877858861798842052e-03 -2.884731870214916546e-02
4.876052024104242377e-02 -2.740899444485662279e-02 9.139711957238179363e-03 3.065641865891811230e-02 -1.577615955335019693e-02
5.438680554364756781e-02 -2.778833266952719303e-02 4.228388221336750602e-02 5.273566037616536796e-05 4.157380220510117907e-02
2.032229212007928897e-07 -6.050388002987226212e-03 -7.217817305455573665e-03 -7.004739711432459662e-04 2.535363579075322615e-02
-4.539230921504337074e-02 4.673632728296101685e-02 1.867829853596938983e-02 -2.311496280620434218e-02 -7.602352310420325450e-03
4.854151536763276313e-03 -3.529914891179043723e-02 -2.354900041432244837e-02 -1.082858388493236970e-02 -1.014895889996999222e-02
-2.545025043633187059e-02 -3.636895339919546388e-02 4.220632522175283251e-03 3.892165801224802685e-02 6.159479255943474396e-02
-5.693573627599623349e-02 3.572822433108150536e-02 -1.581965862681602303e-02 4.933385727825865749e-03 1.212831557351472765e-02
-9.618782245256142852e-03 -5.328806698552880639e-02 -3.332914544375428778e-02 1.334744084385418653e-02 -1.595622904580534102e-02
9.821189509791770564e-03 -2.363530495845724694e-02 -7.738607131958021544e-03 1.194000273207300629e-02 -3.409281804340918293e-02
1.434143281154400462e-03 -7.746679521760319043e-02 -2.198221137466106062e-02 5.669818007487243544e-02 2.829829752033918931e-03
-2.768930343822622459e-02 3.057898309765329573e-02 2.735918741720116606e-02 -4.908750907830391336e-02 4.499496567531504482e-02
-3.924940018261093011e-02 -9.956065381792965352e-03 -4.533318304115089604e-03 2.523281342297314239e-02 -2.407388795993783970e-02
2.773651662100259929e-02 6.069691614011587773e-04 8.556366999629516634e-02 -1.011583359594627751e-01 -6.464251184626427713e-03
2.931369688147205874e-02 -4.134818134058241244e-03 -1.796081336364418676e-02 -1.333540956939119511e-02 -1.368844222661469955e-02
-3.719955033278508037e-03 -3.886728768082856750e-02 3.960082323735536827e-03 -1.553058804380797603e-02 4.497256139413977061e-02
-8.054084590668142418e-03 -3.035961361551256163e-02 -1.181289478579829015e-02 2.840923936342917150e-02 3.859898490100645285e-02
3.718276968451016129e-02 -1.225088164617009825e-02 6.156345402086083746e-02 5.449323154753581318e-03 1.227863881041850458e-02
-4.253443223194568884e-02 6.601531254261480686e-02 -4.767540829365901275e-03 4.379032747252203234e-02 -1.048565811221607337e-02
-1.589269554370763282e-02 -3.332069223859503854e-02 -5.549972966439827710e-03 3.598776290196601529e-02 -4.224324465937678158e-02
-6.816248769749659424e-03 5.250522169766568686e-02 3.319238717817891982e-02 -1.049906253741061772e-02 8.008501054174865449e-03
3.914475743889879455e-02 9.437743246034142885e-03 3.699315696026489464e-02 3.132102372333436108e-02 2.625558381227539873e-02
2.191132373711865075e-02 -4.638405552548826444e-02 2.587568397934988940e-02 3.824214461971583989e-02 -9.530724767250786308e-03
5.670109617237634181e-02 7.850300566627251356e-03 -3.749009408910781993e-02 6.864452940529709724e-03 -3.158338099273545752e-02
1.994847776501271208e-02 -5.085577522691694594e-03 -1.087149226407230392e-02 3.633018012123349211e-02 -1.526565654590927683e-02
5.800023856756527339e-03 -4.272036299672891946e-02 5.789959834513196298e-03 1.069488347000964977e-02 3.294716097421376139e-03
-4.261306598062403195e-02 -4.927716768452751472e-02 9.172152714209460059e-03 6.840317381927907107e-03 -3.619197315676816323e-02
-1.926200867828968544e-02 -6.921946056549977376e-03 5.420939560911414157e-03 1.225057860325796943e-02 -2.458095147652734208e-02
-9.829990288786462013e-03 -1.211249465979857831e-02 5.628918171366660561e-02 -6.720154787434415300e-02 -4.410930245441058162e-02
1.275486232891806862e-02 -2.591385589046480559e-02 4.319887919733463727e-02 2.916054530880176146e-02 2.454120977027252418e-02
-8.996181802665901422e-03 -4.228007286083965144e-02 -7.629060685348696639e-04 -1.043432848714136857e-02 -2.296877439025534970e-02
4.900736715381987310e-03 -2.116123904117084634e-02 -3.138673883927520225e-02 -5.140244216042949565e-02 -3.747719714593580193e-02
-8.007187203639829637e-03 3.113317005400863605e-02 -1.270346966348908507e-02 -3.486167037422709808e-02 -7.738818348897967547e-02
-4.551709325579152143e-02 1.057370873640257544e-02 -1.581184616065804335e-02 -2.692063501439714499e-02 3.029492528380252261e-03
5.242665149970677368e-02 -1.061763959692106109e-02 2.069119746736652540e-02 5.756786489637623263e-04 1.822414134127532670e-02
2.951367512304778340e-02 2.624329946569882097e-02 6.393310104541402583e-02 2.709744950044210704e-02 -3.176368876360225607e-02
-9.045888604155930338e-03 -3.367019321119672087e-02 6.279309645995280464e-02 6.556961146766292952e-05 -1.234687733014418372e-02
-2.934629394095181892e-02 7.153792110116512226e-03 2.500486855184523224e-02 -2.322695494110428409e-03 1.361623578502537714e-02
-3.314334083165645234e-02 7.671748573298525775e-02 5.506939958114278472e-02 1.880128832268507244e-02 -1.571740722948296656e-02
2.016758063741629775e-02 1.843373582157487728e-02 2.099363723822455022e-02 1.248238410682434851e-01 3.884813495074150580e-02
3.792897616808788008e-02 1.394971707104664983e-02 3.538094445919494346e-02 1.747338693274402832e-02 -5.596034449189865589e-02
2.047082777335715309e-02 -4.253877454940269837e-02 -3.147285149290125067e-02 -7.672792312659337116e-03 -4.338394020134453410e-02
-2.610355393373959415e-02 -3.350671562355591465e-02 5.318673664378942983e-02 4.164061383162311059e-02 -1.375265102572684542e-02
2.677930045456915382e-03 -9.930458619593053593e-03 3.090165385938245871e-02 7.665550975851784937e-03 -4.663096186044148050e-02
1.889945781586839860e-02 -3.392569856190130739e-02 1.133221475016030037e-02 1.697327034696905976e-02 3.187966862296748305e-02
5.505619873589261484e-03 -6.633298297942494259e-02 -4.503231176194659457e-03 -3.618421921733203095e-02 -2.879636840652223875e-02
1.035768985461349607e-02 1.111642051313627665e-02 -7.293426129023300279e-04 -9.576347881772665979e-03 -5.653407775491768594e-02
1.493826237865865901e-02 -5.267306844457080722e-02 -2.005074264134864420e-02 3.332637154233491356e-02 2.593816701389092122e-02
4.129434138730056492e-03 5.942973303039207275e-03 -4.503240612694893452e-02 -3.922164764138001691e-02 -1.292728332546419154e-02
-3.625624583685597285e-02 -9.438830957088763240e-02 2.271741015393567709e-02 5.187052094445280398e-02 -2.650618263101586075e-02
-7.182485838811157597e-02 -9.042153107461233744e-04 -2.378228054290446383e-02 -2.802231071865638606e-02 -3.430684973337843474e-02
-3.063612359136544741e-02 -5.928054173389061404e-02 5.127748111136059411e-02 -4.145297211031413742e-02 3.309914104924485678e-02
-5.974410336747291994e-02 -5.577879197330429251e-02 -2.678571626904392017e-02 -2.279966179168995549e-02 1.737254713781070416e-03
-3.711280259280903826e-02 -1.338527712636025484e-02 2.967568211997127781e-02 -1.280939164558299315e-02 3.015064906642850664e-02
-3.928999179185163962e-03 -2.598075343327789846e-02 -6.660497618836890010e-02 1.000278355519870765e-02 -1.061366714537608641e-02
5.177658936699613967e-02 1.269110773411628347e-02 2.277053720937864331e-02 -9.090446713426179534e-03 -3.252108810477685741e-02
3.341980964776478102e-02 -5.726108616094495452e-03 4.272429642520388093e-02 -1.894165959584262135e-02 -6.265731569091821662e-02
-7.884987587063583062e-03 -2.602667179477917772e-02 3.445631875813613687e-02 5.800261390881268457e-03 -4.454243487280788727e-02
9.821316593074060075e-02 -3.917530176962117500e-02 -2.920541089751945221e-02 4.845399389079881177e-04 -4.801025290629827580e-02
3.795338318256480381e-02 -1.490909674753800387e-02 -3.010368216087599448e-03 -4.973114797383381552e-02 1.277297627765953611e-02
6.156719708290727539e-02 -4.851830855822167332e-02 1.244489389728527066e-02 2.848816463951668945e-02 7.655496929116722971e-02
9.315517739395522828e-03 -1.992716269713163194e-02 -6.576666797447602852e-03 -1.709338999791212149e-02 2.596674859280451511e-02
1.839616110687799936e-03 1.106913474759490569e-02 2.106340393547941059e-02 -1.869121919429513404e-02 6.810163444142440514e-02
6.392361324510197063e-02 -5.032670233072419202e-02 2.193288725723145649e-02 -3.891359455635519382e-02 -3.027439434375354087e-03
-3.695607824409866127e-02 -1.455815068336404131e-02 2.146435432052676978e-02 -2.563296552199626974e-02 -2.716389627034172891e-03
-5.320800297200319572e-03 3.186565311566810256e-03 6.808098240143323210e-02 1.427044611125797679e-03 -5.361025931734047373e-02
1.233072385523555775e-02 -5.648071122183912461e-03 -4.892065485796930069e-02 9.156026745422615395e-03 1.445016584070657700e-04
2.907404807865634350e-02 2.049580854714174501e-03 1.843649342151057469e-02 -3.122644447718777097e-02 8.374131858991143776e-03
4.622045053621366001e-03 -3.735113162560546596e-02 3.110730310466788481e-02 3.826356915905478051e-02 1.056545391203374913e-03
3.152162923087611923e-02 2.185324180218896351e-02 4.254949398296625079e-02 5.237071983563626465e-02 3.350822055906291924e-02
6.283384300718990872e-03 6.864549030465628976e-02 -1.426266022145438774e-02 4.302707430689734977e-03 -3.900980278805539492e-02
-2.405025966551124772e-02 -4.737721470866006895e-02 1.523685566348462715e-02 -2.188288378676574511e-02 -7.648579829087857364e-03
4.196388253938429513e-02 -3.289773919137492508e-02 4.888144568328987166e-02 5.284504690774624591e-02 -9.046541756447085483e-03
2.101362038603356297e-02 -6.334937113362262839e-02 -7.181413145687739856e-03 5.967186376427904837e-02 -4.691672521417881124e-03
-6.847798512316587149e-02 -1.858121311114712543e-02 -2.150858345948241691e-03 5.519270003569127364e-02 3.260070525242640075e-03
6.727718941836963173e-02 1.048227945589451718e-02 9.137588169417824868e-02 1.693263894114273999e-02 5.522599436269894123e-04
-4.473808200562647691e-02 4.796514566538191346e-03 -1.111889646497871316e-02 -2.939319156829939966e-02 -3.411492405594499649e-02
-4.648726556320427472e-02 -1.886845273374353898e-02 -9.010514791514677435e-03 2.195331298889802857e-02 -1.001734584419124423e-03
-2.237213346820975460e-02 3.438653007199975187e-02 -4.248999533531958028e-02 4.001095137414323322e-02 6.313638986176724199e-02
-3.293479425991782672e-02 7.602148690148267940e-02 2.060745838363798460e-02 -2.319263890939745471e-02 -2.736152233348275106e-02
3.162161397831084880e-02 -6.753843727504102792e-03 3.498031015416076805e-02 -4.840413698291843453e-02 -3.499284119240903684e-02
5.473033993185631718e-02 -8.944484486201912873e-03 -2.847147385401755521e-02 1.454872948727569445e-03 -2.667055755572530704e-02
2.886784545014048353e-02 4.673262624019763022e-03 7.618476641372703972e-02 -1.669883248195767542e-02 1.132936933902242531e-02
5.457350551728851196e-02 -3.870118915336368849e-03 1.679251264105840330e-02 2.974638353716903272e-02 2.758380747623382506e-02
1.452447494695640641e-02 -3.663041411720985990e-02 2.088774062107356250e-02 -1.006094496848538439e-02 -2.160941249844153950e-02
-1.033235822277290688e-04 8.271420319809751412e-03 -7.480716274457142878e-02 6.700905016283269233e-02 -1.046440072227385401e-02
-1.042739360310800632e-02 2.016493074605457334e-02 -2.769672099995421771e-02 -2.001942320067323384e-03 -2.361140847037529120e-02
-3.336229036174011287e-02 -4.051162236312674803e-02 -2.224025968853075505e-02 4.593787022645881568e-02 5.087188214478931270e-02
2.959502048851606754e-02 -1.142224058350317824e-02 -2.228481597171207487e-02 -6.554303596126315190e-02 -4.070433580345037688e-02
-1.640319599974876530e-02 -5.071475856830841289e-02 8.672703983769042280e-03 -3.428637009728919410e-02 1.951616756488183668e-02
4.075538236803528253e-03 1.397434271161157593e-02 -3.866391136869485635e-03 -2.087305585393318692e-03 -1.861915415231846921e-02
1.501934893071528096e-02 5.483336973937618514e-02 6.247423798262152078e-02 2.219771781315782108e-02 -3.207256254935720013e-03
-1.985807227693798388e-02 -5.673960002797033553e-02 1.696377817356149037e-02 1.411495082832370240e-02 -3.351034332327390564e-02
-4.773344629251032034e-03 9.845626175275783154e-03 6.206147609692366091e-02 -1.246097280754808988e-02 3.448945308383734917e-03
-3.777920166555991804e-02 -3.441497299918592351e-02 7.284264457993556985e-02 1.466600957254696885e-02 -1.747485820358153988e-02
6.320821803998675700e-03 -2.558172060202023104e-02 4.054688439603671563e-02 5.839416928484642694e-02 -1.048118367065063727e-02
2.425127907843540459e-02 2.001551991693408319e-02 -6.714271742528738970e-03 -4.463411002846457559e-02 3.867098477654739436e-02
3.136344857837320386e-03 2.047031021176321311e-02 -1.370172929084796523e-03 1.715614871803769828e-02 4.293195587183819273e-02
-3.395657881031385189e-02 -2.320551256269906548e-02 -9.955025983082311028e-03 -2.388085352008245330e-02 1.314603109912658614e-02
4.391399409906861229e-02 -1.786720264481521381e-02 1.037139594637899107e-02 2.582347997178760513e-02 5.986295938892052804e-02
-7.441908351110072817e-02 -4.335216414448360422e-03 9.315858332952809198e-03 -1.358346158369496889e-02 5.976394822584218079e-03
1.204748002279272187e-02 5.197481046626880631e-03 4.204485794348541278e-02 -2.788893993242563818e-02 2.351100000025960202e-02
1.466862342247908513e-02 6.181948918310951196e-03 3.797772833630914772e-03 6.772355101747228046e-02 -2.622768906445208797e-02
-5.390102134397421751e-02 2.379468225570969403e-02 1.947221239744339680e-02 2.930562735823952561e-02 9.210062934319138139e-02
6.271162295082904903e-02 -2.031299027039957811e-03 -3.145319636183509932e-02 -8.679197344480169690e-03 6.563714935819334184e-02
4.903991602002950867e-02 9.736840597471421374e-03 1.416897400808119628e-02 3.186942818858171100e-02 -1.033967877463952412e-01
7.872783274956692001e-02 -1.473448835433278752e-02 -5.181859747802121038e-03 7.175115864936267712e-03 8.753659083095248136e-03
3.699203023692305969e-02 -4.586429621344274843e-02 -4.312324268703280478e-02 -2.237937295828662868e-02 4.667552112890348270e-02
-4.951468866383920871e-03 -3.347641961768197533e-02 2.038506720364071517e-02 2.869264386116405011e-02 5.957969325749904073e-03
3.347965558225791949e-02 3.500829291621269240e-02 4.212250001770718316e-02 -1.338508129595931614e-03 -7.832540028448645164e-02
4.597996919689582851e-02 -2.075081420694590076e-02 4.426327306792138261e-02 4.269122384741422249e-02 -4.308891314281264318e-02
3.137746622554395820e-02 -1.584092246568353027e-02 -9.755618449361571146e-03 5.534425606894276088e-03 -4.469112122239909078e-03
-2.714677486958718203e-02 2.672369783327311829e-02 4.907775251827121987e-02 -1.784214520002287349e-02 -4.922977933319198224e-02
4.976368377153917583e-02 -1.572858750916287726e-02 2.853810279079571979e-02 3.616973394206915438e-02 3.747262693048705740e-02
4.909961237668379608e-02 5.842119651564886031e-03 4.383289940540145702e-02 6.851891475172754153e-02 2.641225826656981232e-02
7.715820333118778192e-03 4.839590446011726721e-02 6.034881278826993017e-02 -1.002568278802996177e-02 2.045967969926217392e-02
-1.118027353210800795e-02 -5.398965986621023089e-02 1.303728488245255689e-02 7.818782437923702325e-03 2.517267429963558362e-03
8.913343566626519146e-04 -4.435773781655878018e-02 2.708035743351164606e-02 -1.460356067272226832e-02 -1.999370895382936164e-02
6.201744403246316900e-02 -1.956675813291443647e-02 4.722595627666641149e-02 -1.977862622351117539e-02 3.968738525345973100e-02
-1.553849931578704657e-02 -1.118152120351329458e-02 1.800512440638107545e-02 -6.359363386192146139e-02 -3.654144099845184346e-02
6.226499244921627173e-03 1.697422864409800156e-02 7.108237379566736958e-02 -3.041859238103451508e-03 3.140931253872441403e-02
1.190925396098208022e-02 -2.225001290073336246e-02 -1.046013500338003124e-02 2.164263069131078243e-02 3.678337973592120391e-03
1.047096085914763115e-02 -5.889612611144617871e-02 6.489050611481085584e-02 2.967349251702176491e-02 -2.854541097984359538e-02
-5.902564603122397585e-02 -4.137215696986806801e-02 2.135771275809468517e-02 2.918992510650931724e-02 -2.270657582362902230e-02
-3.045774742067744456e-02 1.901931222864428062e-02 4.149515631788428666e-02 1.067145447323808970e-02 -2.735923522128210633e-02
-3.526434978992105951e-02 -1.277157821871418956e-02 1.665763889181488431e-03 -2.591369442050400762e-02 -6.336169594010668780e-03
-5.384908836022931494e-02 -9.326775021434599577e-03 4.391890747153781582e-02 -4.326603237608434016e-02 4.370175922769566935e-03
-1.035056039026665750e-02 -8.719105904123704287e-02 5.792924495903640711e-03 -1.292605911498865071e-02 -4.258727483504014949e-02
1.414020004964960421e-02 7.945829779144071917e-03 -5.391089238182229099e-02 5.325937030321577920e-03 1.906814656945271871e-02
-1.169197723527306068e-02 -4.588701976344494726e-02 -1.174572091133606853e-02 -3.635188692876250866e-03 -9.664549906767070861e-03
2.642939655668178831e-02 -2.061925752670448406e-02 2.244168074111156305e-02 3.906712984590391541e-02 9.521998441134259250e-02
-3.615114939907761171e-02 3.792389036657165674e-02 2.497383133306243716e-02 -7.486063420858008431e-03 2.086276044984358008e-02
6.928951239336680890e-02 -1.984021417318871869e-02 3.291482273308798945e-02 2.791653163089529224e-02 7.419622775331708407e-03
-5.152646834253936381e-02 -2.742845965233678299e-04 4.079687637511536513e-02 -8.213547337070231658e-02 -6.446138074046993405e-02
4.962657255464441794e-03 9.630294206658014666e-03 2.100911597189389704e-02 -6.759982710983417076e-02 -7.401650334968078171e-02
1.016588955120753535e-02 -1.079514941076916978e-01 1.446902847914208201e-02 5.829442151076053014e-02 -2.708375387436661591e-02
7.317391870492306882e-02 4.122349136956567767e-02 2.643843176769847605e-02 3.884939678045044864e-02 2.759543445220098701e-02
-2.099832552713632242e-02 -4.453636585861393132e-02 -2.873745002639191415e-02 5.052826288130740640e-02 7.887915703457801242e-03
5.539758025220157395e-02 5.638995415595977195e-02 6.052414828751231241e-02 -3.297004684934051744e-02 -1.575327187107053439e-02
5.151735696808757564e-03 -3.482011244735037231e-02 3.453417556571208857e-02 -7.442741194406235494e-02 -1.332413836225192043e-02
3.122222514851842601e-02 -8.853309082677137071e-05 7.357627345924142893e-03 -3.899137372440268645e-02 -6.206245411782000850e-04
-3.038295630857099083e-02 -6.033061580987443551e-02 2.395654166727596499e-02 5.755490897184589727e-02 2.429776499996012806e-02
6.864079643804918418e-02 -7.021489714275927149e-03 -1.759685744368221644e-02 -3.984344658893892999e-02 -4.329671953796079831e-02
6.399064828983457021e-02 -1.849553538685629051e-02 2.365311208848771413e-02 3.571657192045154389e-02 -1.786181892347679819e-04
2.278395979916610775e-02 -4.809599439756811340e-02 1.439616224883549615e-02 -5.021298158341377937e-02 1.790796730225049926e-02
-2.294248225569266511e-02 6.862838820408944350e-03 1.191764561299473932e-02 2.158382281677072301e-02 -3.616276888529287165e-02
-4.241493768047394780e-02 1.522967230096621168e-02 4.852537000596858496e-02 -3.271963718460142029e-02 -1.855603802283494266e-02
-5.752671485626420500e-02 7.669458496733185492e-03 5.676221261476385727e-02 -1.240355582220873526e-02 -4.969487987957735969e-02
-4.700675588476465466e-02 1.529964501665420640e-02 -3.466674938599486472e-02 4.891653790264071516e-02 5.666281940979473603e-03
-7.354528643331892379e-02 -1.285369221402122425e-02 3.435724325941313939e-02 -3.836839341775984992e-03 -4.335099570722452528e-02
4.654037799050110558e-02 2.182737472125998932e-02 2.988764670712189264e-02 -6.083332786295187269e-04 -4.764854844891638214e-02
-1.358165199774740567e-02 -3.087975489146212518e-02 9.285228502891278504e-03 6.396309922294961259e-02 -2.517097383455568077e-02
1.396495473967904015e-02 8.609449345724207864e-03 -7.005646273105284316e-02 -3.089056575635976565e-03 -7.380029580488625673e-02
6.824632970814294153e-03 -3.267118343379284834e-02 6.754200281901297231e-02 -4.719616739210900913e-02 -4.981543485169775271e-02
4.572352681897853127e-02 2.075774371718853983e-02 -1.642160232005046615e-03 1.183763381844666653e-02 3.958813655769412992e-02
-2.914830315852217149e-02 -5.067690954200678582e-02 -3.670304632647268528e-02 -2.735382885334069342e-02 1.430252718996441463e-02
-3.793788449038899835e-02 3.143488284679844206e-03 4.804970028304077212e-02 3.650074890447825571e-02 3.115549975089057164e-02
2.138495356087644073e-02 -5.184580639296608451e-02 -6.441408939032194046e-03 -9.302550504041794122e-03 -4.178650512069484804e-03
-1.566670900260002872e-02 -5.478287768330565577e-02 -2.690649090815774164e-02 -3.456713816294629954e-02 3.369263317889033185e-03
5.262349172841498252e-02 -2.062036933277827666e-02 3.829412565170442484e-02 2.341807047601534783e-02 2.536973678636825907e-02
-4.480956439775585221e-02 4.960588770339135513e-03 -4.142962500120878772e-02 5.350446247690261031e-02 -4.617496504217928621e-02
-2.897125759539579196e-02 -8.740240190554025845e-02 -5.521161459208033702e-03 -2.218482437682841105e-02 4.264991881570737858e-02
3.620063432273443876e-02 -2.574279309327586265e-02 -4.317429246706057377e-02 3.985820977531171622e-02 -2.319130572472613214e-02
-5.286402788709992917e-02 3.291332987482199768e-02 5.430932617182521183e-02 2.409280200200888608e-02 7.038677227799865210e-02
-1.371852717190852333e-02 8.997962307509304453e-03 -1.804007588503599505e-02 4.144805910559618001e-02 -3.559483355469080824e-03
2.703065394506307464e-02 -1.072736789856807427e-01 3.601396908696045257e-02 -9.814016545347191076e-03 2.139772977349882303e-03
-3.828921437265975919e-02 2.215443857989436716e-02 1.256564330998728198e-02 1.056002476195014306e-02 1.766041197391401973e-02
4.074542582275657299e-02 -6.795017232237797467e-02 3.982773973117163108e-02 -4.728161503586709308e-02 1.880363484224168921e-02
-1.531759568943734211e-02 -6.025413741299995990e-02 9.663929385976836785e-05 6.353936961944697641e-03 6.209137158463056555e-02
-5.037413745563656953e-02 1.888507805206355097e-02 -1.305254899244244482e-02 -3.175266577326194689e-02 2.645205691639409672e-03
-9.045177810814127375e-03 4.019713996142876278e-02 3.272256552108770283e-02 7.806337972736117348e-02 -1.710654935040404473e-02
1.921375680678086284e-02 2.752142929656554646e-02 8.160332852780798844e-04 -3.105713019417763367e-03 -5.800524343699797400e-03
-4.282820245972843165e-02 -4.147953169138214602e-02 3.105574248267926191e-02 -6.791205867017096817e-03 -4.960198667859431684e-03
-1.990559094237452729e-03 -9.791175547834459272e-03 4.844737890028062710e-02 -3.567495902987000145e-02 -1.824198324329624754e-03
3.244460257380254314e-02 -7.759456426208825690e-03 4.063552375709593434e-02 1.164814672170564648e-02 -4.756700382906646485e-02
-4.070875524744064361e-02 3.127839078710924897e-02 2.706097011236421185e-02 2.392455701395150569e-02 -5.921596962049953394e-02
1.964314035032848141e-02 -3.333310971098211312e-02 2.373611888373566847e-02 -4.766555587997336335e-02 6.578062428766318082e-02
-3.047954957262500458e-02 -4.249732122630371645e-02 -2.603541322925389395e-02 -5.173159896367126448e-02 3.156790426498615881e-02
-2.457974520949495617e-02 4.903174174340188714e-03 -4.951222559347752059e-03 4.299854473145931638e-02 -1.258902161439196541e-03
-1.374041733052503572e-02 -4.928722479690583053e-02 -4.018064926510205026e-02 -1.115777722135623089e-02 1.018437476042557792e-02
-2.598731097525940406e-02 -3.850650484596210982e-02 -1.701019974110467778e-02 1.115722672066732715e-02 -7.356391393436716164e-02
-2.391149642654426255e-02 -4.795200138155748457e-03 2.811896922040879598e-02 -9.931408001651449713e-02 -2.988495340431308184e-02
1.837483071194422057e-02 -6.439578977912033264e-02 4.987620226153288705e-02 -4.948354453666002628e-03 -6.092435765961964206e-03
3.328431735105316647e-02 8.402062974754371041e-03 -2.298515895208545420e-02 -2.691236451382662820e-02 -6.481700611935584631e-03
-5.034799595406681122e-02 1.285024949044138824e-02 5.274538410403738220e-02 -7.202627311693460613e-03 8.667377642694601078e-03
2.178217769958464348e-02 5.520681550446111807e-02 -3.959932723410808028e-03 -2.554264047155773570e-02 -5.720753304485567958e-02
-3.328628865334382764e-02 -5.968407726209484093e-02 -5.399654428553875979e-02 1.543087593142003847e-02 -3.812406857929033499e-02
-9.011730272337837092e-03 -4.859871470390118332e-03 4.577477894085348054e-02 1.808998814319012424e-02 -3.373261995181491696e-02
-3.680276840275357314e-02 -4.212968671230537393e-02 -7.151735802454831092e-03 5.071132621731548086e-03 1.666460354583026299e-02
-1.725792299623953377e-02 -4.119621573391393093e-02 4.792251891392828450e-02 6.941401075711371889e-03 -7.990019794623548499e-03
6.904641058631239003e-02 1.443454970282210224e-02 2.488876516268000855e-02 -1.333982941727878714e-02 3.406310452119894888e-02
1.198817415838872649e-02 3.981919918704961148e-02 3.684569581311864656e-02 1.902367395098454247e-02 -1.254917843595270907e-02
-2.647615930811003659e-04 -7.425214779091311723e-03 6.509040862061388211e-02 3.509490583024162114e-02 1.935107253844048011e-02
-2.784341746951838475e-02 2.498434071220576036e-02 2.943401995464369966e-02 3.553173587601612254e-02 5.767174604173405661e-02
-9.748385373677525157e-04 3.025349720763596123e-02 7.573684003024100733e-03 -2.614296691844692627e-02 1.611310777527148741e-02
5.551842481372342569e-02 -1.057048079168855861e-02 -1.422838067105100003e-02 1.536656026203075433e-02 -1.173678124839775024e-02
8.394427567652097688e-02 -1.220445949936243939e-02 -1.260613815438674408e-02 4.727955282110882229e-02 3.968017126225931862e-02
3.605536911449231524e-02 -4.525843512485292625e-02 3.355830528783507183e-02 -4.026903234472578585e-02 4.773546121257371544e-02
-6.917597140175518744e-02 -5.075851817874844907e-02 4.150720815797017543e-02 1.312782410170444149e-02 2.231461773854823832e-02
2.242485435486216497e-02 -4.082569195719921301e-02 5.431412982636622810e-02 1.493919365259564367e-03 3.127379805514219485e-02
-5.301911999586968877e-02 -4.404171154150972496e-03 -1.525911042020526055e-02 2.004524443331422157e-02 -3.066552257491477265e-02
4.939355617133980858e-02 -2.559308890864373312e-02 -1.892440597897896218e-02 1.388773080465163269e-02 -3.945870276649775243e-02
-1.261489233032063624e-02 -3.897590525890582552e-02 5.755361176410419416e-02 4.235553388929042679e-02 -1.069715847829962561e-02
2.550379370540413124e-02 -2.351530718579684237e-02 4.546971325186196372e-02 4.669979279592381682e-02 -5.547727983264925944e-02
-6.777994963249585336e-02 1.880545550754052567e-02 -1.844230148729711014e-02 1.487049838245489350e-02 4.869541346896414519e-02
1.961523843604339942e-02 -2.847045611669390616e-02 3.853793747930048946e-02 5.598151564869095764e-02 1.933785707051468086e-02
8.001862790184008714e-03 1.434442939912370860e-02 1.963723111354157003e-02 -1.103794180483529640e-02 -1.624356988630536874e-02
2.223295447464656086e-02 7.095454607689352135e-03 1.441511017779027910e-02 2.640600572811423186e-02 8.992164006637996115e-03
-3.965205386274082457e-03 2.591739651875716796e-02 6.762229169702232978e-02 2.880868387701621819e-02 2.747613813328278476e-02
1.265362834390399566e-02 -4.542542906916843815e-02 5.671534704726301224e-02 -2.496110086648821100e-02 5.388925026049085770e-02
-4.902722504609172138e-03 -3.982137160148520316e-02 6.948176038281336786e-02 -2.857826688516073438e-02 2.643059022150624077e-02
5.245779468665539430e-02 -1.592059678738416695e-02 7.219597700501312332e-02 3.214533224854470433e-02 -5.367529781314737264e-02
1.446387991346070358e-02 -4.902179260202579533e-03 8.465002499196726260e-02 8.993942979893483625e-03 -1.933676367617572292e-02
-3.525101976149237065e-02 5.654653633796024280e-03 3.217963834723478606e-02 -1.432550778372408727e-03 -7.660868766067006896e-02
3.666880053077076207e-02 -4.759935684736084534e-03 -1.047377084938719456e-02 -1.945276987462134233e-02 1.346820887186898560e-02
-1.091914771171828211e-02 -5.057269278034183524e-02 -3.209574460451529443e-02 -1.220630197734660048e-02 2.797224224496936903e-02
4.275573985398332250e-02 -3.054054608074277186e-02 4.381827887009986933e-02 1.915555939563366727e-02 -3.172679768329923766e-02
4.866937270759107842e-02 -1.636134709517936617e-02 -3.756018305982972150e-02 -7.351940221869164051e-03 -5.272067914746072365e-02
-5.884142030268565277e-02 -7.719613326522983821e-02 -4.332957644424581534e-02 -1.435000681123977696e-02 -5.110219285913648185e-02
-7.207706658400289505e-03 -3.807373733331743254e-02 -4.831491518878364144e-02 -7.548239526210737300e-03 1.953824002020955117e-02
-2.703689190937216477e-02 -3.246379305651017622e-02 -3.779025630552992898e-02 -2.043991894414431965e-02 4.235328551433897859e-02
-6.917182879991119922e-03 3.010444924896635982e-02 4.628774015362390609e-02 -1.420584178143367848e-02 -3.674115906698077749e-02
-5.290626228773465806e-02 -5.894154963419797472e-02 4.918146616165023494e-02 1.858371019076334937e-02 1.357891850367948065e-02
-3.810652008658641648e-02 -1.162790430821698633e-02 -1.737400159105347702e-02 8.357052555242082403e-02 -3.105839542893049435e-02
-1.805998881615348411e-02 2.392492778656335820e-02 2.760800832420493012e-02 -2.522923697610704799e-02 -6.879777750853165175e-02
-4.783702666696118544e-02 -8.675785871439295471e-02 -1.002849733142978893e-02 -1.966298306691970001e-03 -1.386333594682399688e-02
3.941126646352113849e-02 -7.233860465736046026e-03 -5.434730392372731644e-02 3.973558956334145159e-02 5.975097638060113125e-02
-2.814091327634296938e-02 9.648012773278263551e-03 6.141276409714399587e-02 -7.970537118707030511e-04 -2.873272988181893150e-03
3.554322701038655635e-02 8.730771534114787139e-03 -1.477273638379209865e-02 -3.720377674358803927e-02 9.135348625348461169e-05
-9.785503890508683369e-03 9.757788494167184482e-03 2.335567618776061144e-02 2.246506633014226650e-02 4.585435501547760473e-02
2.093002377952856916e-02 1.120222827554077710e-03 -1.139581288204858690e-02 -3.073764648342160177e-02 2.975337195956027914e-02
-2.459300338588615506e-02 -2.133763863835713009e-02 1.604051717045229877e-02 4.924939139757986140e-02 -2.967934737793899436e-02
-9.556081042197397610e-03 -4.290148889516503389e-02 6.893922400599254707e-02 -3.096215467921531461e-02 -6.871622856763649582e-03
-2.547753245429937047e-03 -4.839860671054282103e-03 6.053600562260266077e-02 6.328230531967177219e-02 9.996613049196679396e-03
-3.253762182309655193e-02 -1.733976286884418572e-02 -1.890007667674270878e-02 1.484993793242508388e-02 5.579313191504361221e-04
-1.366227877212957201e-02 -4.347362499851135931e-02 2.128611135969030871e-02 -2.572307496281846934e-02 6.742144499090473031e-02
-4.079925812879406366e-02 -3.056250901026934599e-02 -7.705427047966248097e-03 6.535446678731052228e-02 1.319724623927581372e-02
3.068844837540202902e-02 -1.071122794971113637e-02 6.707214047598250573e-02 8.232251987661377834e-02 -4.147528353669987372e-02
6.077001788210556477e-02 1.988545910887153795e-02 2.630923973835161758e-02 4.175982796507815564e-02 -4.831862496767876103e-02
-2.991052828206101563e-02 -2.562249187066755612e-02 5.924564584829265096e-03 -9.585414796224367472e-04 2.578716823306929625e-05
-3.424251010499208825e-02 -2.407536102814080564e-02 8.191017397011740586e-02 1.980426962650141606e-02 4.865651802351315947e-02
1.205642037073477099e-02 -3.666347877397733990e-02 -7.132805165709850230e-03 -3.799357719297712099e-02 7.068419198428971262e-02
2.373345401749650183e-02 -6.923770962578972010e-02 2.776861833056862641e-02 -1.184447820594709995e-02 -2.101229162189121452e-02
-2.200790593908705413e-03 -3.123111922214823893e-02 1.297932295827294337e-02 -6.966864455919365151e-02 -3.098284356514382706e-02
3.592041828254977000e-03 -6.532375882920503189e-03 3.465766659924451876e-02 -1.595431027604192822e-02 3.937403857056585334e-03
5.423305064606543519e-02 -2.572062625588576040e-02 2.494777081450968992e-02 5.211413435199651473e-02 -6.609315471771270859e-04
-3.459453327842487713e-02 -1.524231099956517912e-02 6.365234272799753269e-03 -3.970241275154627603e-02 -5.107144265683529610e-02
-1.570777914638106509e-02 -6.214833822854257811e-02 -1.656790188682783979e-02 4.618720772741244374e-02 1.958857844441404608e-02
-2.248964897528369158e-02 -2.383360283018972486e-02 5.903897692724918711e-02 3.836672803577977076e-02 2.940682102952738713e-02
5.457132157602091749e-02 -7.692058908201847810e-03 2.384956149458596249e-03 1.485844734380990274e-02 2.972629450311332563e-02
-1.387505394127203084e-02 -1.746461124389661959e-02 7.481003360168363842e-03 2.974739257946842907e-02 -6.430053302814891028e-03
-2.705526113462889196e-02 -3.728694053370934514e-02 -3.018800543559130647e-02 4.331256243450855303e-02 -4.740589387979630281e-02
